samples	class0	class1	class2	class3	class4	class5	class6	class7	class8	class9	class10	class11	class12	class13	class14	class15	class16	class17	class18	class19
11	0.00000000	382.29755418	0.00000000	0.00000000	0.00000000	0.00000000	0.00000000	0.00000000	0.00000000	0.00000000	0.00000000	0.00000000	0.00000000	0.00000000	0.00000000	0.00000000	0.00000000	0.00000000	0.00000000	0.00000000
13	0.00000000	0.00000000	0.00000000	0.00000000	0.00000000	0.00000000	0.00000000	0.00000000	0.00000000	0.00000332	0.00000000	0.00003356	31.73390449	0.00000000	0.00000000	0.00000000	0.00000000	0.00000000	0.00000000	0.00000000
15	0.00000000	0.00022664	0.00000000	0.00000000	0.10683966	0.00000000	0.00000000	0.00000000	0.00000000	0.00000000	0.00000000	0.00003652	0.00000000	0.00000000	0.00000000	0.00000000	0.00000000	0.00000000	0.00000000	0.00000000
17	0.46025771	0.00000000	0.00000000	0.00000000	0.00000000	0.00000000	0.00000000	0.00000000	0.00000000	0.00000008	0.00000000	0.00000000	0.00000000	0.00000000	0.00000000	0.00000000	0.00000000	0.00000000	0.00000000	0.00000000
21	0.00000000	0.00000000	0.00000000	0.00000000	0.00000000	489.26252716	0.00000000	0.00000000	0.00000000	0.00051587	0.00000000	0.00000000	0.00000000	0.00000019	0.00000000	0.00000000	0.00000000	0.00000000	0.00000000	0.00000000
25	0.00000000	0.00000000	0.00000000	0.00000000	0.00000000	0.00000000	211.97948191	0.00000000	0.00000000	0.00011410	0.00000000	0.00000000	0.00000000	0.00000000	0.00000000	0.00000000	0.00000000	0.00000000	0.00000000	0.00000000
28	0.00000000	0.00000000	0.00000000	0.00000000	0.38454653	0.00000033	0.00000000	0.00000000	0.00000002	0.00000000	0.00000000	0.00000000	0.00000000	0.00000000	0.00000000	0.00000000	0.00000000	0.00000000	0.00000000	0.00000000
31	0.00000000	0.00723988	0.00000000	0.00000000	0.00000000	0.00000000	0.00000000	0.00000000	0.00000000	0.00000000	0.00000000	0.00000000	0.00000000	0.00000000	0.00000000	0.00000000	0.00000000	0.00000000	0.00000000	0.00000000
39	0.00000000	0.00000000	0.00000000	0.00000000	1.28394135	0.00000000	0.00000000	0.00000000	0.00000000	0.00000000	0.00000000	0.00000000	0.00000000	0.00000000	0.00000000	0.00000000	0.00000000	0.00000000	0.00000000	0.00000000
48	0.00000000	0.00000000	0.00000000	0.00000000	0.00000000	0.00000000	0.00000000	0.00000000	0.00000000	0.00000000	0.00000000	0.00000000	0.00000000	0.00000000	0.00000000	0.00000000	0.00000000	0.00000000	188.82708461	0.00000000
49	0.00000000	0.00000000	0.00000000	0.00000000	0.00000000	0.00000000	0.00000000	0.00000000	0.00000000	0.00000000	0.00000000	0.00000000	3.57921000	0.00000000	0.00000000	0.00000000	0.00000000	0.00000000	0.00000011	0.00000000
54	0.00000000	0.00000000	0.00000000	0.00000000	0.00000101	5054.10378495	0.00000000	0.00000000	0.00000000	0.00000000	0.00000000	0.00000146	0.00000000	0.00000000	0.00000000	0.00000000	0.00000000	0.00000000	0.00000000	0.00000000
57	0.00000000	0.00044308	0.00000000	0.00000000	0.05242344	0.00000000	0.00190469	0.00000001	0.00000000	0.00000000	0.00000000	0.00000465	0.00000000	0.00000000	0.00000000	0.00000000	0.00000000	0.00000000	0.00000000	0.00000000
63	0.00000000	0.00000000	0.00000000	0.00000000	0.00000000	0.00000000	0.00000000	0.00000029	0.00000000	0.96803945	0.00000000	0.00000000	0.00000000	0.00000000	0.00000000	0.00000000	30.76283217	0.00000000	0.00000000	0.00000000
65	0.31167753	0.00000000	0.00000000	0.00000000	0.00513987	0.00000000	0.00000000	0.00000000	0.00000000	0.00002076	0.00000000	0.00000000	0.00000000	0.00000000	0.15417249	0.00000000	0.00000010	0.00000000	0.00000000	0.00000000
69	0.00000000	0.00000000	0.00000000	0.00000000	0.00000000	0.00000000	0.00000000	0.00000000	0.00000000	0.00000686	0.00000000	0.00000000	0.00000000	0.00000003	0.00000000	0.00000000	0.00000000	0.00000000	0.19976685	0.00000000
71	0.00000000	0.00000000	0.00000000	0.00000000	0.00000000	0.00000000	0.00000000	287530.45446557	0.00000000	0.00000000	0.00000000	0.00000000	0.00000000	0.00000000	0.00000000	0.00000000	0.00000000	0.00000000	0.00000000	0.00000000
72	0.00000000	0.00000000	0.00000000	0.00000000	0.39417682	0.00000000	0.00223534	0.00000000	0.00000000	0.00000000	0.00000000	0.00001901	0.00000000	0.00000230	1.00861527	0.00000000	0.00000000	0.00000000	0.00000000	0.08095517
74	10.40183351	0.00000000	0.00000000	0.00000000	0.00000000	0.00000000	0.00000000	0.00000000	0.00000000	0.00000000	0.00000012	0.00000000	0.00000000	0.00000000	0.00000000	0.00000000	0.00000000	0.00000000	0.00000000	0.00000000
75	0.00000001	0.00000000	3.66344773	0.00000000	0.00000000	0.00000000	0.00001925	0.00000000	0.00000000	0.00000000	0.00000000	0.00000000	0.00000000	0.00000000	0.00000000	0.00000000	0.00000000	0.00000000	0.00000000	0.00000000
78	0.00000000	0.00000000	0.00000000	0.00000000	0.00000000	0.00000000	0.00000000	0.00000000	0.00000000	0.00000000	0.00000000	0.00000000	0.00000000	0.00000000	0.00000000	0.00000000	0.00000000	514145.61350725	0.00000000	0.00000000
8	0.00000000	0.00000000	0.00000000	20.57272110	0.00000000	0.00000000	0.00000000	0.00000000	0.00000000	0.00000000	0.00000000	0.00000000	0.00000000	0.00000000	0.00000000	0.00000000	0.00000000	0.00000000	0.00000000	0.00000000
87	0.00000000	0.00000000	0.00000000	0.00000000	0.02650335	0.00000000	0.00000000	0.00000000	0.00000000	0.00000000	0.00000000	0.00000000	0.00000000	0.00000000	0.00000000	0.00000000	5.30362278	0.00000000	0.00000000	0.00000000
88	0.00000000	0.00000000	0.00000000	0.00000000	0.10384169	0.00000000	0.00000000	0.00000000	0.00000000	0.00000000	0.00000444	0.00000000	0.00000000	0.00000000	0.00000000	0.00000000	0.00000000	0.00000000	0.00000000	0.46056463
90	0.00000000	0.00000000	0.00000000	0.00000000	0.00000000	0.00000000	0.00000000	0.00000000	0.00000000	0.00000000	0.00000000	0.00000000	0.00000000	0.00000000	0.00000000	0.00000000	0.00000000	0.00000000	0.00000000	2.95634232
NT2	0.00000000	0.00000000	0.00000000	0.00000000	0.00000000	0.00000000	0.00000000	0.00000000	0.00000000	0.00000000	0.00000000	0.00000000	0.00000000	0.00000000	0.00000000	0.00000000	0.00000000	0.00000000	2.82229340	0.00000000
1	0.16276252	0.00000000	0.00000000	0.00000000	0.00000000	0.00000543	0.00000000	0.00000000	0.00000000	0.00000000	0.00000000	0.00000000	0.00000000	0.00000000	0.00000000	0.00000000	0.00000000	0.00000000	0.00000000	0.00000000
10	2.42561649	0.00000000	0.00000000	0.00000000	0.00000000	0.00000263	0.00000000	0.00000000	0.00000000	0.00000144	0.00000000	0.00000000	0.00000000	0.00000000	0.00000000	0.00000000	0.00000002	0.00000000	0.00000000	0.00000000
12	0.00000000	0.00000000	0.00000000	0.00000000	0.00000000	0.00000000	0.00000000	0.00000000	0.00000000	0.00000000	0.00000000	0.00000000	0.00000000	2.53493120	0.00000000	0.00000000	0.00000000	0.00000000	0.00000000	0.00000000
19	0.00000000	0.00000000	0.00000000	0.00000000	0.00000000	0.00000000	0.00000000	0.00000000	217882.96659762	0.00000000	0.00000000	0.00000000	0.00000000	0.00000000	0.00000000	0.00000000	0.00000000	0.00000000	0.00629900	0.00000000
2	0.00000000	0.00000000	0.00000000	0.00000000	0.00000000	0.00000000	0.00000000	0.00000000	0.00000000	35.34590031	0.00000000	0.00000000	0.00000000	0.00000000	0.00000000	0.00000000	0.00000000	0.00000000	0.00000000	0.00000000
20	0.00000000	0.00051615	0.00000000	0.00000000	0.00000000	0.00001151	0.00000000	0.00000000	0.00000000	0.00000000	27.13823763	0.00000000	0.00000099	0.00000000	0.00000000	0.00000000	0.00000000	0.00000000	0.00000000	0.00000000
23	0.00000000	0.00872165	0.00000000	0.00000000	0.00000000	0.00000000	0.00000000	0.00000000	0.00000000	0.00000000	0.00000000	0.00000000	1.35327152	0.00000000	0.00000000	0.00000000	0.00000000	0.00000000	0.00000000	0.00000000
3	0.00000000	0.00000000	0.00000000	0.00000000	0.00000000	0.00000000	0.00000000	0.00000000	0.33114743	0.00000000	0.00000000	0.00000000	0.00000000	0.00000000	0.00000000	0.00000000	0.00000000	0.00000000	0.00000000	0.00000000
30	0.00000000	0.00000000	0.98352203	0.00000000	0.00000000	0.00000000	0.00000000	0.00000000	0.00000000	0.00000000	0.00000000	0.00000000	0.00000000	0.00000000	0.00000000	0.00000000	0.00000000	0.00000000	0.00000000	0.00000000
32	0.00000000	0.00000000	0.00000000	0.00000000	0.00000000	0.00000000	0.00000000	0.00000000	0.00000000	17.75802843	0.00000000	0.00000000	0.00000000	0.00000000	0.00000000	0.00000000	0.00000000	0.00000000	0.00000000	0.00000000
33	0.00000000	0.00690463	0.00000000	0.00000000	0.00000000	0.00000570	0.00000000	0.00000000	0.00000000	0.00000000	0.00000000	0.00000000	0.00000000	0.00000000	0.00000000	0.00000000	0.00000000	0.00000000	0.00000000	0.00000000
38	0.00000008	0.00000000	0.00000000	0.00000000	0.00000000	0.00000000	0.00000000	0.00000000	0.00000000	0.00000000	0.00000000	0.00000000	0.00000000	0.00000000	0.00000000	2.37604966	0.00000000	0.00000000	0.00000000	0.00000000
4	0.00000000	0.00000000	0.00000000	0.00000000	0.00000000	0.00000000	0.00000000	0.00000000	0.00000000	0.00000000	0.00000000	0.00000000	0.63641062	0.00000000	0.00000000	0.00000000	0.00000000	0.00000000	0.00000000	0.00000000
5	0.00000001	0.00000000	0.00000000	0.00000000	0.00000000	0.00000000	0.00000000	0.00000000	0.06440144	0.00000000	0.00000000	0.00000000	0.00000000	0.00000000	0.00000000	0.00000000	0.00000000	0.00000000	0.00000000	0.00000000
55	0.00000002	0.00000000	0.00000000	0.00000000	0.00000000	0.00000000	0.00000000	0.00000000	0.00000000	0.00000000	0.00000000	0.00000000	0.00000000	5.65453372	0.00000000	0.00000000	0.00000000	0.00000000	0.00000000	0.00000000
61	0.00000000	0.00000000	0.00000000	0.00000000	0.00000783	0.00000000	0.00000000	0.00000000	0.26365616	0.00000508	0.00000000	0.00000000	0.00000000	0.00000000	0.00000000	0.00000000	0.00000000	0.00000006	0.00000000	0.00000000
67	0.00000005	0.02691024	0.00000000	0.00000000	0.00000000	0.00000000	0.00000000	0.21949534	0.00000000	0.00000000	0.00000000	13.83576968	0.00000000	0.00000000	0.00000000	0.00000000	0.00000000	0.00000000	0.00000000	0.00000000
7	0.00000000	0.00000000	0.00000000	0.00000000	0.00000000	0.00000000	0.00047791	0.00000000	0.00000000	0.00000000	0.00000000	0.00024493	0.00000000	0.00000000	0.00000000	0.00000000	0.00000000	0.07011387	0.00000000	0.00000000
79	0.00000000	0.00000000	0.00000000	0.00000000	0.00000000	0.00000000	0.00000000	0.00000000	0.00000000	140.20477251	0.00000000	0.00000000	0.00000000	0.00000000	0.00000000	0.00000000	0.00000000	0.00000000	0.00000000	0.00000000
84	0.12345157	0.00000000	0.00000000	0.00000000	0.00000000	0.00000000	0.00000000	0.00000000	0.00000000	0.00000000	0.00000000	0.00000000	0.00000000	0.00000000	0.00000000	0.00000059	0.00000000	0.00000000	0.47341652	0.00000000
86	0.00000000	0.00000000	0.00000000	0.00000000	0.00000000	0.00000000	0.00000000	0.00000000	0.00000000	0.00000000	0.00000000	0.00000000	0.00000000	0.00000000	0.58314879	0.00000000	0.00000000	0.00000000	0.00000000	0.00000000
9	0.00000000	0.00000000	0.00000259	0.00000000	0.00000000	0.00000000	0.00339352	0.00000000	0.00000000	0.00000000	0.00000000	0.00000000	0.43896411	0.00000000	0.00000000	0.00000000	0.00000000	0.00000000	0.00000000	0.00000000
14	0.00000000	0.00000000	0.00000000	5.58507476	0.00000000	0.00000000	0.00000000	0.00000000	0.00000000	0.00000000	0.00000009	0.00000000	0.00000000	0.00000000	0.00000000	0.00000000	0.00000000	0.00000000	0.00000000	0.00000000
18	0.00000000	0.00000000	0.89842466	0.00000000	0.00000000	0.00002178	0.00000000	0.00000000	0.00000000	0.00000000	0.00125116	0.00000000	0.00000000	0.00000000	0.00000000	0.00000000	0.00000000	0.00000000	0.00000000	0.00000000
29	0.00000000	0.01143442	0.00000000	0.00000000	0.00000000	0.00000000	0.00000000	0.00072731	0.00000000	0.00000000	0.00000000	0.00000000	0.00000000	0.00000000	0.00000000	0.00000000	0.00000009	0.00000000	0.00000000	0.00000000
34	0.00000000	0.00000000	0.00000000	0.00000000	0.79344874	0.00000000	0.00000000	0.00000000	0.00000000	0.00000000	0.00000000	0.00000093	0.00000000	0.00000000	0.00000000	0.00000000	0.00000000	0.00000000	0.00000000	0.00000000
35	0.00000000	0.00000000	0.00000000	0.00000000	0.00000000	0.00000000	0.00000000	0.00000000	0.00000000	0.00000000	0.00000000	0.00000000	0.00000000	0.00000000	0.00000000	0.00000000	0.00000000	0.00000000	0.00000000	9.86485998
42	0.00000000	0.00000000	0.00000000	0.00000000	0.00000000	0.00000000	67.02830132	0.00000000	0.00000000	0.00000000	0.00000000	0.00000000	0.00000000	0.00000000	0.00000000	0.00000000	0.00000000	0.00000000	0.00000000	0.00000000
43	0.00000007	0.00000000	0.00000000	0.00000000	0.00000000	0.00000000	0.00000000	0.00000000	0.00000000	0.00000000	0.00000000	0.00000000	0.07970895	0.00000000	0.00000000	0.00000000	0.00000027	0.00000000	0.00000000	6.21705799
44	0.00000000	0.00000000	0.00000000	62.81401350	0.00000000	0.00000000	0.00000000	0.00000000	0.00000000	0.00000000	0.00000000	0.00000000	0.00000000	0.00000000	0.00000000	0.00000000	0.00000000	0.00000000	0.00000000	0.00000000
45	0.00000000	0.00000000	6.97059205	0.00000000	0.00000000	0.00000000	0.00081414	0.00000000	0.02652733	0.00000000	0.00000054	0.00000975	0.00000000	0.00000000	0.00000000	0.00000000	0.00000010	0.00000000	0.00000000	0.00000000
47	0.00000000	0.00000000	0.00000000	0.00000001	0.00000000	0.00000000	0.00000000	0.00000000	0.00000000	0.00000000	7.61544749	0.00000000	0.00000000	0.00000000	0.00000000	0.00000000	0.00000000	0.00000000	0.00000000	0.00000000
50	0.00000000	0.00666658	0.00000000	0.00000000	0.00000000	0.00000000	0.00000000	0.00000000	0.00000000	0.00000000	0.00000000	0.00000000	0.00000000	0.00000000	0.00000004	0.00000000	0.00000000	0.00000000	0.00000000	0.00000000
53	0.00000000	0.00000000	0.00000000	0.00000000	0.08549429	0.00000000	0.00000000	0.00000000	0.00000000	0.00000000	0.00000000	0.00000000	0.00000000	1.46018754	0.00000000	0.00000000	0.00000000	0.00000000	0.00000000	0.00000000
64	0.00000000	0.00000000	0.00000000	0.00000000	0.00000005	0.00000000	0.00000000	0.00000000	0.00000000	0.00000000	0.00000000	23.92917773	0.00000000	0.00000000	0.00000000	0.00000225	0.00000000	0.00000000	0.00000000	0.00000000
73	0.00000000	0.00000000	0.00000000	0.08520339	0.00000000	0.00000000	0.00000000	0.00000000	0.00000000	0.00000000	0.00000239	0.00000000	0.00001078	0.00000000	0.00000000	0.00000000	0.00000000	0.00000000	0.55342730	0.00000000
80	0.00000000	0.00000000	0.00000000	0.00000000	0.00000000	0.00000000	0.00000000	0.00000000	0.00000000	0.00000000	0.00000000	0.00000139	0.00000000	1068.86192675	0.00000000	0.00000000	0.00000000	0.00000000	0.00000000	0.00000000
22	0.00000000	0.00000000	0.00000000	0.00000000	0.09587958	0.00000000	0.00000000	0.00000000	0.00000000	76.02815962	0.00000000	0.00005402	0.00000000	0.00000035	0.00000000	0.00000000	0.00000000	0.00000000	0.00000000	0.00000000
46	0.00000000	0.00000000	0.00000000	0.00000000	0.00000000	0.00002949	0.00000000	0.00000000	0.00000000	0.00000000	0.00000000	0.00000000	0.00000000	0.00000000	0.00000000	0.00000000	0.00000000	0.00513575	0.00000000	0.00000000
6	0.00000000	0.00244029	0.00000000	0.00000028	0.00000000	0.00000000	0.00472611	0.00000008	0.00000000	0.00000000	0.00000000	0.00000000	0.00000000	0.00000026	0.67438406	0.00000000	0.00000000	0.00037585	0.00000000	0.00000000
66	0.00000000	0.00000000	0.00000000	0.00000000	0.00000000	0.00000000	0.00000000	0.00000000	0.00000000	0.00000000	0.00000000	0.00000000	0.00000000	0.00000000	0.00000000	717.80374001	0.00000000	0.00000000	0.00000000	0.00000000
76	0.00000000	0.00000000	0.00000000	0.00000000	0.00000000	0.00000000	0.00000000	0.00000000	0.00000000	0.00000000	0.00000000	0.00000000	0.00000000	0.00000000	0.00000000	0.00000000	18.38760661	0.00000000	0.00000000	0.00000000
77	0.00000000	0.00000000	0.00000000	0.00000000	0.00000037	0.00000000	0.00000000	0.00000000	0.00000000	0.00000000	0.00000000	73.13149028	0.00000000	0.00000000	0.00000000	0.00000000	0.00000000	0.00000000	0.00000000	0.00000000
85	0.00000001	0.00000000	2.39816986	0.00000000	0.00000000	0.00000000	0.00160775	0.00000000	0.00000000	0.00000000	0.00000001	0.00000000	0.00001901	0.00000000	0.00000000	0.00000618	0.00000000	0.00000000	0.00000000	0.00000000
