STEP	ISD
0	403119.83922237
1	258779.12326928
2	215415.32233023
3	202391.52797037
4	195850.20065967
5	189633.85391343
6	181889.70522301
7	171683.59176508
8	158703.38644608
9	143544.38940375
10	127620.35161881
11	113008.34233110
12	100670.80359398
13	90684.20392655
14	82834.58619013
15	76646.30044414
16	71829.10259087
17	67991.93592202
18	64871.17086515
19	62291.15775137
20	60206.68671851
21	58491.35142209
22	57080.05949848
23	55918.94513428
24	54954.35521318
25	54156.97894241
26	53488.54385859
27	52921.08334483
28	52425.73748640
29	51987.14577770
30	51582.70029442
31	51211.88971128
32	50880.00923585
33	50572.98820471
34	50280.49717847
35	49995.03917627
36	49703.54903576
37	49410.38548523
38	49146.29267995
39	48923.02074186
40	48728.30498857
41	48551.32037203
42	48392.66142053
43	48248.01689876
44	48114.20194477
45	47990.86603755
46	47874.67842214
47	47762.72570742
48	47656.22194102
49	47555.96955687
50	47459.84651397
51	47366.29622950
52	47272.80799372
53	47179.08230776
54	47093.93176526
55	47020.50884548
56	46952.61769380
57	46884.80823913
58	46823.95221338
59	46766.20955807
60	46711.72460712
61	46657.72632322
62	46603.50879545
63	46553.91550681
64	46502.95141982
65	46454.38253459
66	46406.45948352
67	46361.97431483
68	46318.20515274
69	46280.34568950
70	46251.33859049
71	46227.70674944
72	46208.86636842
73	46191.68159666
74	46175.70382964
75	46160.66307475
76	46146.40762813
77	46132.78392931
78	46119.53650988
79	46106.59576471
80	46093.37406904
81	46079.00807809
82	46062.82073499
83	46045.42660282
84	46028.84968139
85	46013.29338736
86	45996.59141289
87	45977.39825752
88	45955.77906524
89	45928.68449894
90	45917.97317849
91	45910.54207148
92	45904.27702868
93	45898.22078640
94	45892.92268156
95	45887.79641671
96	45882.78224736
97	45877.80702458
98	45872.80982090
99	45867.66585231
100	45862.14168483
101	45856.00689082
102	45849.27341981
103	45841.78293441
104	45833.50845643
105	45824.59644823
106	45815.03566891
107	45804.35867924
108	45794.80662423
109	45786.45882519
110	45777.55779692
111	45766.83056581
112	45752.51831644
113	45734.02201833
114	45705.84528352
115	45683.64188742
116	45668.14515815
117	45654.17578011
118	45639.96552567
119	45628.34850302
120	45613.89849083
121	45609.45062772
122	45606.07760127
123	45602.65447316
124	45598.33315738
125	45592.52589921
126	45585.34607006
127	45578.98858042
128	45573.95305989
129	45570.02083139
130	45567.16570760
131	45564.98536988
132	45563.11729449
133	45561.38722783
134	45559.73991252
135	45558.14642263
136	45556.58841724
137	45555.05439866
138	45553.52562257
139	45551.96490882
140	45550.31674910
141	45548.48184792
142	45546.31329526
143	45543.63072095
144	45540.27787474
145	45536.22277138
146	45531.79699653
147	45527.25088369
148	45521.96956128
149	45518.63364625
150	45516.65778167
151	45515.25475099
152	45514.06875234
153	45512.85623697
154	45511.85779053
155	45510.87939414
156	45509.92292944
157	45508.98633099
158	45508.06918529
159	45507.16990294
160	45506.29155478
161	45505.43308103
162	45504.59278995
163	45503.77462300
164	45502.97666955
165	45502.19799005
166	45501.43581301
167	45500.69102266
168	45499.95909326
169	45499.23761345
170	45498.51939102
171	45497.79895842
172	45497.06188798
173	45496.29179473
174	45495.45723128
175	45494.53001689
176	45493.48357657
177	45492.35936256
178	45491.29507382
179	45490.42221080
180	45489.72468100
181	45489.12359157
182	45488.56839236
183	45488.03817362
184	45487.52524360
185	45487.02707306
186	45486.54215405
187	45486.06963805
188	45485.60886763
189	45485.15928100
190	45484.72037872
191	45484.29157346
192	45483.87273053
193	45483.46333525
194	45483.06304644
195	45482.67155463
196	45482.28836379
197	45481.91366258
198	45481.54673811
199	45481.18782178
200	45480.83671219
201	45480.49308985
202	45480.15685025
203	45479.82789002
204	45479.50609151
205	45479.19127588
206	45478.88328415
207	45478.58193383
208	45478.28688693
209	45477.99814839
210	45477.71529445
211	45477.43779996
212	45477.16558457
213	45476.89793647
214	45476.63416178
215	45476.37332719
216	45476.11412686
217	45475.85466475
218	45475.59209880
219	45475.32206534
220	45475.03777887
221	45474.72874079
222	45474.37927072
223	45473.96802175
224	45473.47169158
225	45472.87863700
226	45472.21348089
227	45471.54851990
228	45470.96727181
229	45470.49903262
230	45470.11493280
231	45469.77281906
232	45469.44175475
233	45469.10016560
234	45468.72717921
235	45468.29269364
236	45467.74526124
237	45466.98973112
238	45465.85063980
239	45464.02418824
240	45461.03826078
241	45456.20155610
242	45448.54236529
243	45436.91978219
244	45422.02948841
245	45412.78643261
246	45407.90874350
247	45405.12124063
248	45403.22281022
249	45400.20966635
250	45400.04595032
251	45399.88879312
252	45399.73736915
253	45399.59109903
254	45399.44949650
255	45399.31218752
256	45399.17883518
257	45399.04902114
258	45398.92271460
259	45398.79963119
260	45398.67965598
261	45398.56250811
262	45398.44811551
263	45398.33629095
264	45398.22689676
265	45398.11979976
266	45398.01486842
267	45397.91184214
268	45397.81083916
269	45397.71158564
270	45397.61387000
271	45397.51761836
272	45397.42256860
273	45397.32829037
274	45397.23484057
275	45397.14164098
276	45397.04817425
277	45396.95373850
278	45396.85735143
279	45396.75759407
280	45396.65234881
281	45396.53834788
282	45396.41037363
283	45396.25981155
284	45396.07200844
285	45395.82154421
286	45395.46447223
287	45394.92868084
288	45394.11336101
289	45392.93256697
290	45391.45586841
291	45390.02483274
292	45388.91112379
293	45388.05132188
294	45387.29605502
295	45386.51807755
296	45385.58869410
297	45384.33967137
298	45382.53172453
299	45379.83076082
300	45375.77616302
301	45369.96838064
302	45365.76652215
303	45364.00173301
304	45363.36375920
305	45363.12732211
306	45363.01057702
307	45362.92805098
308	45362.85694642
309	45362.79127248
310	45362.72919237
311	45362.66986788
312	45362.61269261
313	45362.55708740
314	45362.50239571
315	45362.44788644
316	45362.39252611
317	45362.33487768
318	45362.27275919
319	45362.20264098
320	45362.11845583
321	45362.00912659
322	45361.85318664
323	45361.60675778
324	45361.17755398
325	45360.37902118
326	45358.89238788
327	45356.27702963
328	45351.89143036
329	45344.83293599
330	45334.01761011
331	45323.24620548
332	45318.43302154
333	45316.24073925
334	45315.01662150
335	45314.19737834
336	45313.57490511
337	45311.85933906
338	45311.83035434
339	45311.80368309
340	45311.77890080
341	45311.75569207
342	45311.73380156
343	45311.71302781
344	45311.69321320
345	45311.67423418
346	45311.65599333
347	45311.63841324
348	45311.62143185
349	45311.60489324
350	45311.58896928
351	45311.57351873
352	45311.55851318
353	45311.54392853
354	45311.52974413
355	45311.51594202
356	45311.50250641
357	45311.48942322
358	45311.47667977
359	45311.46426452
360	45311.45204229
361	45311.44025334
362	45311.42876291
363	45311.41756233
364	45311.40664338
365	45311.39599828
366	45311.38561955
367	45311.37550005
368	45311.36563290
369	45311.35601148
370	45311.34662940
371	45311.33748045
372	45311.32855863
373	45311.31985814
374	45311.31137330
375	45311.30308997
376	45311.29502015
377	45311.28714997
378	45311.27947436
379	45311.27187044
380	45311.26457040
381	45311.25745052
382	45311.25050625
383	45311.24373314
384	45311.23712686
385	45311.23068319
386	45311.22439801
387	45311.21826730
388	45311.21228716
389	45311.20643818
390	45311.20074809
391	45311.19519738
392	45311.18978251
393	45311.18450004
394	45311.17934659
395	45311.17431888
396	45311.16941371
397	45311.16462795
398	45311.15995856
399	45311.15540258
400	45311.15095709
401	45311.14661928
402	45311.14238640
403	45311.13825577
404	45311.13420172
405	45311.13026808
406	45311.12642903
407	45311.12268212
408	45311.11902501
409	45311.11542767
410	45311.11194350
411	45311.10854237
412	45311.10522215
413	45311.10198077
414	45311.09881619
415	45311.09572645
416	45311.09270961
417	45311.08976381
418	45311.08688720
419	45311.08407802
420	45311.08133452
421	45311.07865502
422	45311.07603786
423	45311.07348144
424	45311.07098419
425	45311.06854460
426	45311.06616118
427	45311.06383248
428	45311.06155709
429	45311.05933365
430	45311.05716081
431	45311.05503728
432	45311.05296178
433	45311.05093308
434	45311.04894999
435	45311.04701132
436	45311.04511594
437	45311.04326274
438	45311.04145063
439	45311.03967857
440	45311.03794553
441	45311.03625050
442	45311.03459252
443	45311.03297065
444	45311.03138395
445	45311.02983154
446	45311.02831253
447	45311.02682608
448	45311.02537136
449	45311.02387503
450	45311.02248167
451	45311.02111769
452	45311.01978234
453	45311.01847489
454	45311.01719465
455	45311.01584753
456	45311.01461898
457	45311.01341583
458	45311.01223731
459	45311.01108277
460	45311.00995160
461	45311.00884322
462	45311.00775705
463	45311.00669254
464	45311.00564915
465	45311.00462637
466	45311.00362367
467	45311.00264057
468	45311.00167657
469	45311.00073122
470	45310.99980404
471	45310.99888785
472	45310.99799589
473	45310.99712080
474	45310.99626218
475	45310.99541962
476	45310.99449934
477	45310.99368717
478	45310.99279392
479	45310.99201096
480	45310.99124245
481	45310.99048789
482	45310.98974693
483	45310.98901923
484	45310.98830447
485	45310.98760235
486	45310.98683947
487	45310.98616200
488	45310.98549626
489	45310.98484200
490	45310.98419897
491	45310.98356689
492	45310.98294553
493	45310.98233463
494	45310.98173396
495	45310.98114327
496	45310.98056235
497	45310.97999096
498	45310.97942890
499	45310.97887595
500	45310.97833191
501	45310.97779658
502	45310.97728040
503	45310.97676182
504	45310.97625138
505	45310.97574891
506	45310.97525422
507	45310.97476715
508	45310.97428754
509	45310.97381521
510	45310.97335002
511	45310.97289180
512	45310.97244042
513	45310.97199572
514	45310.97155756
515	45310.97112581
516	45310.97065220
517	45310.97023308
518	45310.96981996
519	45310.96941273
520	45310.96901126
521	45310.96849067
522	45310.96810005
523	45310.96764940
524	45310.96727010
525	45310.96689602
526	45310.96642684
527	45310.96606238
528	45310.96570301
529	45310.96534851
530	45310.96499874
531	45310.96465361
532	45310.96431302
533	45310.96397688
534	45310.96364510
535	45310.96326890
536	45310.96294586
537	45310.96262694
538	45310.96222309
539	45310.96191265
540	45310.96160609
541	45310.96130334
542	45310.96100434
543	45310.96070901
544	45310.96041729
545	45310.96012911
546	45310.95984441
547	45310.95956312
548	45310.95928518
549	45310.95901053
550	45310.95873912
551	45310.95845962
552	45310.95819453
553	45310.95793250
554	45310.95767348
555	45310.95741742
556	45310.95716427
557	45310.95691397
558	45310.95666649
559	45310.95642177
560	45310.95617976
561	45310.95594043
562	45310.95570372
563	45310.95546959
564	45310.95523800
565	45310.95500891
566	45310.95478227
567	45310.95455805
568	45310.95433621
569	45310.95411671
570	45310.95389950
571	45310.95368457
572	45310.95347186
573	45310.95326135
574	45310.95305299
575	45310.95284676
576	45310.95264263
577	45310.95244055
578	45310.95224051
579	45310.95204246
580	45310.95184638
581	45310.95165223
582	45310.95146000
583	45310.95126965
584	45310.95108114
585	45310.95089447
586	45310.95070959
587	45310.95052648
588	45310.95034512
589	45310.95016547
590	45310.94998753
591	45310.94981125
592	45310.94963662
593	45310.94946362
594	45310.94929221
595	45310.94912238
596	45310.94895411
597	45310.94878738
598	45310.94862215
599	45310.94845842
600	45310.94829616
601	45310.94813535
602	45310.94797597
603	45310.94781800
604	45310.94766143
605	45310.94750622
606	45310.94735238
607	45310.94719987
608	45310.94704868
609	45310.94689880
610	45310.94675020
611	45310.94660286
612	45310.94645678
613	45310.94631194
614	45310.94616831
615	45310.94602589
616	45310.94588465
617	45310.94574459
618	45310.94560569
619	45310.94546793
620	45310.94533130
621	45310.94519578
622	45310.94506137
623	45310.94492804
624	45310.94479578
625	45310.94466459
626	45310.94453444
627	45310.94440533
628	45310.94426904
629	45310.94414199
630	45310.94401593
631	45310.94389085
632	45310.94376675
633	45310.94364361
634	45310.94352142
635	45310.94340016
636	45310.94327984
637	45310.94316043
638	45310.94303209
639	45310.94291458
640	45310.94279795
641	45310.94268219
642	45310.94256730
643	45310.94244351
644	45310.94233035
645	45310.94221802
646	45310.94210652
647	45310.94199584
648	45310.94188595
649	45310.94177687
650	45310.94166857
651	45310.94156105
652	45310.94145430
653	45310.94134832
654	45310.94124308
655	45310.94113859
656	45310.94103484
657	45310.94093181
658	45310.94082951
659	45310.94072792
660	45310.94062703
661	45310.94052684
662	45310.94042734
663	45310.94032853
664	45310.94023039
665	45310.94013291
666	45310.94003610
667	45310.93993994
668	45310.93984443
669	45310.93974956
670	45310.93965533
671	45310.93956172
672	45310.93946873
673	45310.93937636
674	45310.93928459
675	45310.93919343
676	45310.93910286
677	45310.93901289
678	45310.93891480
679	45310.93880965
680	45310.93872149
681	45310.93863389
682	45310.93854685
683	45310.93846036
684	45310.93837443
685	45310.93828904
686	45310.93820419
687	45310.93811172
688	45310.93801750
689	45310.93793430
690	45310.93785163
691	45310.93776947
692	45310.93768781
693	45310.93760667
694	45310.93752602
695	45310.93744587
696	45310.93736621
697	45310.93728703
698	45310.93720834
699	45310.93713013
700	45310.93705239
701	45310.93697512
702	45310.93689831
703	45310.93682197
704	45310.93674608
705	45310.93667065
706	45310.93659566
707	45310.93652112
708	45310.93644703
709	45310.93637337
710	45310.93630015
711	45310.93622735
712	45310.93615499
713	45310.93608305
714	45310.93601153
715	45310.93594043
716	45310.93586974
717	45310.93579946
718	45310.93572959
719	45310.93566012
720	45310.93559106
721	45310.93552239
722	45310.93545412
723	45310.93538625
724	45310.93531876
725	45310.93525165
726	45310.93518494
727	45310.93511860
728	45310.93505264
729	45310.93498706
730	45310.93492185
731	45310.93485701
732	45310.93478424
733	45310.93472016
734	45310.93465644
735	45310.93459308
736	45310.93453008
737	45310.93446743
738	45310.93440514
739	45310.93434320
740	45310.93428161
741	45310.93422036
742	45310.93415946
743	45310.93409011
744	45310.93402991
745	45310.93397005
746	45310.93391053
747	45310.93385134
748	45310.93379249
749	45310.93373397
750	45310.93365033
751	45310.93359261
752	45310.93353521
753	45310.93347813
754	45310.93342138
755	45310.93336494
756	45310.93330882
757	45310.93325301
758	45310.93319752
759	45310.93314235
760	45310.93308748
761	45310.93302858
762	45310.93297436
763	45310.93292045
764	45310.93286685
765	45310.93281354
766	45310.93276054
767	45310.93270784
768	45310.93265544
769	45310.93260334
770	45310.93255153
771	45310.93250002
772	45310.93244880
773	45310.93239787
774	45310.93234724
775	45310.93229690
776	45310.93224684
777	45310.93219707
778	45310.93214759
779	45310.93209839
780	45310.93204948
781	45310.93200085
782	45310.93195250
783	45310.93190443
784	45310.93185665
785	45310.93180914
786	45310.93176191
787	45310.93171495
788	45310.93166827
789	45310.93162186
790	45310.93157573
791	45310.93152987
792	45310.93148428
793	45310.93143896
794	45310.93139391
795	45310.93134913
796	45310.93130462
797	45310.93126037
798	45310.93121639
799	45310.93117267
800	45310.93112921
801	45310.93108602
802	45310.93104309
803	45310.93100042
804	45310.93095801
805	45310.93091586
806	45310.93087397
807	45310.93083233
808	45310.93079095
809	45310.93074983
810	45310.93070896
811	45310.93066834
812	45310.93062798
813	45310.93058787
814	45310.93054800
815	45310.93050839
816	45310.93046903
817	45310.93042992
818	45310.93039105
819	45310.93035244
820	45310.93031406
821	45310.93027593
822	45310.93023805
823	45310.93020041
824	45310.93016301
825	45310.93012585
826	45310.93008894
827	45310.93005226
828	45310.93001582
829	45310.92997962
830	45310.92994366
831	45310.92990793
832	45310.92987244
833	45310.92983718
834	45310.92980216
835	45310.92976223
836	45310.92972769
837	45310.92969337
838	45310.92965929
839	45310.92961998
840	45310.92958315
841	45310.92954978
842	45310.92951663
843	45310.92948370
844	45310.92945101
845	45310.92941853
846	45310.92938628
847	45310.92935425
848	45310.92932244
849	45310.92929086
850	45310.92925949
851	45310.92922834
852	45310.92919740
853	45310.92916669
854	45310.92913619
855	45310.92910590
856	45310.92907583
857	45310.92904597
858	45310.92901632
859	45310.92898688
860	45310.92895765
861	45310.92892864
862	45310.92889983
863	45310.92887122
864	45310.92884283
865	45310.92881464
866	45310.92878665
867	45310.92875886
868	45310.92873128
869	45310.92870390
870	45310.92867672
871	45310.92864974
872	45310.92862296
873	45310.92859637
874	45310.92856998
875	45310.92854379
876	45310.92851779
877	45310.92849198
878	45310.92846637
879	45310.92844095
880	45310.92841572
881	45310.92839067
882	45310.92836582
883	45310.92834115
884	45310.92831667
885	45310.92829238
886	45310.92826827
887	45310.92824434
888	45310.92822059
889	45310.92819131
890	45310.92816794
891	45310.92814474
892	45310.92812173
893	45310.92809889
894	45310.92807623
895	45310.92805375
896	45310.92803143
897	45310.92800929
898	45310.92798733
899	45310.92796553
900	45310.92794390
901	45310.92792245
902	45310.92790116
903	45310.92788003
904	45310.92785907
905	45310.92783828
906	45310.92781765
907	45310.92779718
908	45310.92777688
909	45310.92775673
910	45310.92773675
911	45310.92771692
912	45310.92769725
913	45310.92767774
914	45310.92765838
915	45310.92763918
916	45310.92762013
917	45310.92760123
918	45310.92758248
919	45310.92756389
920	45310.92754544
921	45310.92752714
922	45310.92750899
923	45310.92749098
924	45310.92747312
925	45310.92745540
926	45310.92743783
927	45310.92742040
928	45310.92740311
929	45310.92738596
930	45310.92736895
931	45310.92735207
932	45310.92733534
933	45310.92731874
934	45310.92730227
935	45310.92728594
936	45310.92726974
937	45310.92725368
938	45310.92723774
939	45310.92722194
940	45310.92720627
941	45310.92719072
942	45310.92717530
943	45310.92716001
944	45310.92714484
945	45310.92712979
946	45310.92711488
947	45310.92710008
948	45310.92708540
949	45310.92707085
950	45310.92705641
951	45310.92704209
952	45310.92702790
953	45310.92701381
954	45310.92699985
955	45310.92698600
956	45310.92697226
957	45310.92695864
958	45310.92694513
959	45310.92693173
960	45310.92691844
961	45310.92690526
962	45310.92689219
963	45310.92687923
964	45310.92686637
965	45310.92685362
966	45310.92684098
967	45310.92682844
968	45310.92681601
969	45310.92680367
970	45310.92679144
971	45310.92677931
972	45310.92676728
973	45310.92675535
974	45310.92674352
975	45310.92673179
976	45310.92672015
977	45310.92670861
978	45310.92669717
979	45310.92668582
980	45310.92667456
981	45310.92666340
982	45310.92665233
983	45310.92664135
984	45310.92663046
985	45310.92661966
986	45310.92660895
987	45310.92659832
988	45310.92658779
989	45310.92657734
990	45310.92656698
991	45310.92655671
992	45310.92654651
993	45310.92653641
994	45310.92652638
995	45310.92651644
996	45310.92650658
997	45310.92649680
998	45310.92648711
999	45310.92647749
1000	45310.92646795
1001	45310.92645849
1002	45310.92644910
1003	45310.92643979
1004	45310.92643056
1005	45310.92642141
1006	45310.92641233
1007	45310.92640332
1008	45310.92639439
1009	45310.92638553
1010	45310.92637675
1011	45310.92636803
1012	45310.92635939
1013	45310.92635081
1014	45310.92634231
1015	45310.92633388
1016	45310.92632551
1017	45310.92631721
1018	45310.92630898
1019	45310.92630082
1020	45310.92629272
1021	45310.92628469
1022	45310.92627672
1023	45310.92626882
1024	45310.92626098
1025	45310.92625321
1026	45310.92624550
1027	45310.92623785
1028	45310.92623026
1029	45310.92622273
1030	45310.92621527
1031	45310.92620786
1032	45310.92620051
1033	45310.92619323
1034	45310.92618600
1035	45310.92617883
1036	45310.92617171
1037	45310.92616465
1038	45310.92615765
1039	45310.92615071
1040	45310.92614382
1041	45310.92613319
1042	45310.92612642
1043	45310.92611970
1044	45310.92611303
1045	45310.92610642
1046	45310.92609986
1047	45310.92609335
1048	45310.92608690
1049	45310.92608049
1050	45310.92607414
1051	45310.92606783
1052	45310.92606158
1053	45310.92605537
1054	45310.92604922
1055	45310.92604311
1056	45310.92603705
1057	45310.92603104
1058	45310.92602507
1059	45310.92601915
1060	45310.92601328
1061	45310.92600745
1062	45310.92600167
1063	45310.92599594
1064	45310.92599025
1065	45310.92598460
1066	45310.92597900
1067	45310.92597344
1068	45310.92596792
1069	45310.92596245
1070	45310.92595702
1071	45310.92595163
1072	45310.92594628
1073	45310.92594098
1074	45310.92592745
1075	45310.92592224
1076	45310.92591708
1077	45310.92591195
1078	45310.92590687
1079	45310.92590182
1080	45310.92589682
1081	45310.92589185
1082	45310.92588692
1083	45310.92588203
1084	45310.92587717
1085	45310.92587235
1086	45310.92586757
1087	45310.92586283
1088	45310.92585812
1089	45310.92585344
1090	45310.92584881
1091	45310.92584420
1092	45310.92583964
1093	45310.92583510
1094	45310.92583060
1095	45310.92582297
1096	45310.92581854
1097	45310.92581415
1098	45310.92580979
1099	45310.92580546
1100	45310.92580117
1101	45310.92579691
1102	45310.92579268
1103	45310.92578848
1104	45310.92578431
1105	45310.92578018
1106	45310.92577607
1107	45310.92577200
1108	45310.92576795
1109	45310.92576394
1110	45310.92575995
1111	45310.92575600
1112	45310.92575207
1113	45310.92574817
1114	45310.92574431
1115	45310.92574047
1116	45310.92573665
1117	45310.92573287
1118	45310.92572911
1119	45310.92572539
1120	45310.92572169
1121	45310.92571801
1122	45310.92571436
1123	45310.92571074
1124	45310.92570715
1125	45310.92570358
1126	45310.92570004
1127	45310.92569652
1128	45310.92569303
1129	45310.92568957
1130	45310.92568613
1131	45310.92568271
1132	45310.92567932
1133	45310.92567596
1134	45310.92567261
1135	45310.92566930
1136	45310.92566600
1137	45310.92566273
1138	45310.92565948
1139	45310.92565626
1140	45310.92565306
1141	45310.92564988
1142	45310.92564673
1143	45310.92564359
1144	45310.92564048
1145	45310.92563739
1146	45310.92563433
1147	45310.92563128
1148	45310.92562826
1149	45310.92562526
1150	45310.92562228
1151	45310.92561932
1152	45310.92561638
1153	45310.92561346
1154	45310.92561056
1155	45310.92560769
1156	45310.92560483
1157	45310.92560199
1158	45310.92559917
1159	45310.92559638
1160	45310.92559360
1161	45310.92559084
1162	45310.92558810
1163	45310.92558538
1164	45310.92558268
1165	45310.92558000
1166	45310.92557733
1167	45310.92557469
1168	45310.92557206
1169	45310.92556945
1170	45310.92556686
1171	45310.92556428
1172	45310.92556173
1173	45310.92555919
1174	45310.92555266
1175	45310.92555017
1176	45310.92554770
1177	45310.92554524
1178	45310.92554280
1179	45310.92554038
1180	45310.92553797
1181	45310.92553558
1182	45310.92553321
1183	45310.92553085
1184	45310.92552851
1185	45310.92552618
1186	45310.92552387
1187	45310.92552158
1188	45310.92551930
1189	45310.92551703
1190	45310.92551478
1191	45310.92551003
1192	45310.92550781
1193	45310.92550561
1194	45310.92550343
1195	45310.92550126
1196	45310.92549911
1197	45310.92549696
1198	45310.92549484
1199	45310.92549273
1200	45310.92549063
1201	45310.92548855
1202	45310.92548648
1203	45310.92548442
1204	45310.92548238
1205	45310.92548035
1206	45310.92547834
1207	45310.92547633
1208	45310.92547435
1209	45310.92547237
1210	45310.92547041
1211	45310.92546846
1212	45310.92546652
1213	45310.92546460
1214	45310.92546269
1215	45310.92546079
1216	45310.92545890
1217	45310.92545703
1218	45310.92545517
1219	45310.92545332
1220	45310.92545148
1221	45310.92544966
1222	45310.92544785
1223	45310.92544605
1224	45310.92544426
1225	45310.92544248
1226	45310.92544071
1227	45310.92543896
1228	45310.92543721
1229	45310.92543548
1230	45310.92543376
1231	45310.92543205
1232	45310.92543035
1233	45310.92542867
1234	45310.92542699
1235	45310.92542532
1236	45310.92542367
1237	45310.92542202
1238	45310.92542039
1239	45310.92541877
1240	45310.92541715
1241	45310.92541555
1242	45310.92541396
1243	45310.92541238
1244	45310.92541080
1245	45310.92540924
1246	45310.92540769
1247	45310.92540615
1248	45310.92540461
1249	45310.92540309
1250	45310.92540158
1251	45310.92540007
1252	45310.92539858
1253	45310.92539710
1254	45310.92539562
1255	45310.92539415
1256	45310.92539270
1257	45310.92539125
1258	45310.92538981
1259	45310.92538838
1260	45310.92538696
1261	45310.92538555
1262	45310.92538415
1263	45310.92538275
1264	45310.92538137
1265	45310.92537999
1266	45310.92537862
1267	45310.92537726
1268	45310.92537591
1269	45310.92537457
1270	45310.92537324
1271	45310.92537191
1272	45310.92537059
1273	45310.92536928
1274	45310.92536798
1275	45310.92536669
1276	45310.92536540
1277	45310.92536413
1278	45310.92536286
1279	45310.92536160
1280	45310.92536034
1281	45310.92535909
1282	45310.92535786
1283	45310.92535662
1284	45310.92535540
1285	45310.92535419
1286	45310.92535298
1287	45310.92535178
1288	45310.92535058
1289	45310.92534940
1290	45310.92534822
1291	45310.92534704
1292	45310.92534588
1293	45310.92534472
1294	45310.92534357
1295	45310.92534243
1296	45310.92534129
1297	45310.92534016
1298	45310.92533904
1299	45310.92533792
1300	45310.92533681
1301	45310.92533571
1302	45310.92532920
1303	45310.92532813
1304	45310.92532706
1305	45310.92532601
1306	45310.92532495
1307	45310.92532391
1308	45310.92532287
1309	45310.92532183
1310	45310.92532081
1311	45310.92531979
1312	45310.92531877
1313	45310.92531776
1314	45310.92531676
1315	45310.92531576
1316	45310.92531477
1317	45310.92531379
1318	45310.92531281
1319	45310.92531184
1320	45310.92531087
1321	45310.92530991
1322	45310.92530895
1323	45310.92530800
1324	45310.92530706
1325	45310.92530612
1326	45310.92530519
1327	45310.92530426
1328	45310.92530334
1329	45310.92530242
1330	45310.92530151
1331	45310.92530060
1332	45310.92529970
1333	45310.92529880
1334	45310.92529791
1335	45310.92529703
1336	45310.92529068
1337	45310.92528983
1338	45310.92528898
1339	45310.92528813
1340	45310.92528729
1341	45310.92528646
1342	45310.92528562
1343	45310.92528480
1344	45310.92528398
1345	45310.92528316
1346	45310.92528235
1347	45310.92528154
1348	45310.92528074
1349	45310.92527994
1350	45310.92527915
1351	45310.92527836
1352	45310.92527758
1353	45310.92527680
1354	45310.92527602
1355	45310.92527526
1356	45310.92527449
1357	45310.92527373
1358	45310.92527297
1359	45310.92527222
1360	45310.92527147
1361	45310.92527073
1362	45310.92526999
1363	45310.92526926
1364	45310.92526852
1365	45310.92526780
1366	45310.92526708
1367	45310.92526636
1368	45310.92526564
1369	45310.92526493
1370	45310.92526423
1371	45310.92526353
1372	45310.92526109
1373	45310.92526036
1374	45310.92525967
1375	45310.92525898
1376	45310.92525830
1377	45310.92525763
1378	45310.92525695
1379	45310.92525629
1380	45310.92525562
1381	45310.92525496
1382	45310.92525431
1383	45310.92525365
1384	45310.92525300
1385	45310.92525236
1386	45310.92525172
1387	45310.92525108
1388	45310.92525044
1389	45310.92524981
1390	45310.92524919
1391	45310.92524856
1392	45310.92524794
1393	45310.92524733
1394	45310.92524671
1395	45310.92524610
1396	45310.92524550
1397	45310.92524489
1398	45310.92524478
1399	45310.92524418
1400	45310.92524359
1401	45310.92524300
1402	45310.92524242
1403	45310.92524183
1404	45310.92524126
1405	45310.92524068
1406	45310.92524011
1407	45310.92523954
1408	45310.92523897
1409	45310.92523841
1410	45310.92523785
1411	45310.92523730
1412	45310.92523674
1413	45310.92523619
1414	45310.92523565
1415	45310.92523510
1416	45310.92523456
1417	45310.92523402
1418	45310.92523349
1419	45310.92523295
1420	45310.92523242
1421	45310.92523190
1422	45310.92523137
1423	45310.92523085
1424	45310.92523034
1425	45310.92522982
1426	45310.92522931
1427	45310.92522880
1428	45310.92522829
1429	45310.92522779
1430	45310.92522729
1431	45310.92522679
1432	45310.92522629
1433	45310.92522580
1434	45310.92522531
1435	45310.92522482
1436	45310.92522434
1437	45310.92522385
1438	45310.92522337
1439	45310.92522290
1440	45310.92522242
1441	45310.92522195
1442	45310.92522148
1443	45310.92522101
1444	45310.92522055
1445	45310.92522009
1446	45310.92521963
1447	45310.92521917
1448	45310.92521872
1449	45310.92521826
1450	45310.92521781
1451	45310.92521737
1452	45310.92521692
1453	45310.92521648
1454	45310.92521604
1455	45310.92521560
1456	45310.92521516
1457	45310.92521473
1458	45310.92521430
1459	45310.92521387
1460	45310.92521344
1461	45310.92521302
1462	45310.92521260
1463	45310.92521218
1464	45310.92521176
1465	45310.92521134
1466	45310.92521093
1467	45310.92521052
1468	45310.92521011
1469	45310.92520970
1470	45310.92520930
1471	45310.92520889
1472	45310.92520849
1473	45310.92520341
1474	45310.92520008
1475	45310.92519970
1476	45310.92519932
1477	45310.92519894
1478	45310.92519857
1479	45310.92519819
1480	45310.92519782
1481	45310.92519745
1482	45310.92519709
1483	45310.92519672
1484	45310.92519636
1485	45310.92519600
1486	45310.92519564
1487	45310.92519528
1488	45310.92519493
1489	45310.92519458
1490	45310.92519422
1491	45310.92519387
1492	45310.92519353
1493	45310.92519318
1494	45310.92519284
1495	45310.92519249
1496	45310.92519215
1497	45310.92519181
1498	45310.92519148
1499	45310.92519114
1500	45310.92519081
1501	45310.92519048
1502	45310.92519015
1503	45310.92518982
1504	45310.92518949
1505	45310.92518916
1506	45310.92518884
1507	45310.92518852
1508	45310.92518820
1509	45310.92518788
1510	45310.92518756
1511	45310.92518725
1512	45310.92518693
1513	45310.92518662
1514	45310.92518631
1515	45310.92518600
1516	45310.92518570
1517	45310.92518539
1518	45310.92518508
1519	45310.92518478
1520	45310.92518448
1521	45310.92518418
1522	45310.92518388
1523	45310.92518359
1524	45310.92518329
1525	45310.92518300
1526	45310.92518271
1527	45310.92518241
1528	45310.92518213
1529	45310.92518184
1530	45310.92518155
1531	45310.92518127
1532	45310.92518098
1533	45310.92518070
1534	45310.92518042
1535	45310.92518014
1536	45310.92517986
1537	45310.92517959
1538	45310.92517931
1539	45310.92517904
1540	45310.92517876
1541	45310.92517849
1542	45310.92517822
1543	45310.92517795
1544	45310.92517769
1545	45310.92517742
1546	45310.92517716
1547	45310.92517689
1548	45310.92517663
1549	45310.92517637
1550	45310.92517611
1551	45310.92517585
1552	45310.92517560
1553	45310.92517534
1554	45310.92517509
1555	45310.92517483
1556	45310.92517458
1557	45310.92517433
1558	45310.92517408
1559	45310.92517383
1560	45310.92517359
1561	45310.92517334
1562	45310.92517310
1563	45310.92517285
1564	45310.92517261
1565	45310.92517237
1566	45310.92517213
1567	45310.92517189
1568	45310.92517165
1569	45310.92517142
1570	45310.92517118
1571	45310.92517095
1572	45310.92517071
1573	45310.92517048
1574	45310.92517025
1575	45310.92517002
1576	45310.92516979
1577	45310.92516956
1578	45310.92516934
1579	45310.92516911
1580	45310.92516889
1581	45310.92516866
1582	45310.92516844
1583	45310.92516822
1584	45310.92516800
1585	45310.92516778
1586	45310.92516756
1587	45310.92516735
1588	45310.92516713
1589	45310.92516692
1590	45310.92516670
1591	45310.92516649
1592	45310.92516628
1593	45310.92516606
1594	45310.92516585
1595	45310.92516565
1596	45310.92516544
1597	45310.92516523
1598	45310.92516502
1599	45310.92516482
1600	45310.92516461
1601	45310.92516441
1602	45310.92516421
1603	45310.92516401
1604	45310.92516381
1605	45310.92516361
1606	45310.92516341
1607	45310.92516321
1608	45310.92516301
1609	45310.92516282
1610	45310.92516262
1611	45310.92516243
1612	45310.92516224
1613	45310.92516204
1614	45310.92516185
1615	45310.92516166
1616	45310.92516147
1617	45310.92516128
1618	45310.92516109
1619	45310.92516091
1620	45310.92516072
1621	45310.92516053
1622	45310.92516035
1623	45310.92516017
1624	45310.92515998
1625	45310.92515980
1626	45310.92515962
1627	45310.92515944
1628	45310.92515926
1629	45310.92515908
1630	45310.92515890
1631	45310.92515872
1632	45310.92515855
1633	45310.92515837
1634	45310.92515820
1635	45310.92515802
1636	45310.92515785
1637	45310.92515768
1638	45310.92515750
1639	45310.92515733
1640	45310.92515716
1641	45310.92515699
1642	45310.92515682
1643	45310.92515666
1644	45310.92515649
1645	45310.92515632
1646	45310.92515615
1647	45310.92515599
1648	45310.92515583
1649	45310.92515566
1650	45310.92515550
1651	45310.92515534
1652	45310.92515517
1653	45310.92515501
1654	45310.92515485
1655	45310.92515469
1656	45310.92515453
1657	45310.92515438
1658	45310.92515422
1659	45310.92515406
1660	45310.92515391
1661	45310.92515375
1662	45310.92515360
1663	45310.92515344
1664	45310.92515329
1665	45310.92515313
1666	45310.92515298
1667	45310.92515283
1668	45310.92515268
1669	45310.92515253
1670	45310.92515238
1671	45310.92515223
1672	45310.92515208
1673	45310.92515193
1674	45310.92515179
1675	45310.92515164
1676	45310.92515150
1677	45310.92515135
1678	45310.92515121
1679	45310.92515106
1680	45310.92515092
1681	45310.92515078
1682	45310.92515063
1683	45310.92515049
1684	45310.92515035
1685	45310.92515021
1686	45310.92515007
1687	45310.92514993
1688	45310.92514979
1689	45310.92514965
1690	45310.92514952
1691	45310.92514938
1692	45310.92514924
1693	45310.92514911
1694	45310.92514897
1695	45310.92514884
1696	45310.92514870
1697	45310.92514857
1698	45310.92514844
1699	45310.92514830
1700	45310.92514817
1701	45310.92514804
1702	45310.92514791
1703	45310.92514778
1704	45310.92514765
1705	45310.92514752
1706	45310.92514739
1707	45310.92514726
1708	45310.92514714
1709	45310.92514701
1710	45310.92514688
1711	45310.92514676
1712	45310.92514663
1713	45310.92514651
1714	45310.92514638
1715	45310.92514626
1716	45310.92514613
1717	45310.92514601
1718	45310.92514589
1719	45310.92514576
1720	45310.92514564
1721	45310.92514552
1722	45310.92514540
1723	45310.92514528
1724	45310.92514516
1725	45310.92514504
1726	45310.92514492
1727	45310.92514481
1728	45310.92514469
1729	45310.92514457
1730	45310.92514445
1731	45310.92514434
1732	45310.92514422
1733	45310.92514410
1734	45310.92514399
1735	45310.92514388
1736	45310.92514376
1737	45310.92514365
1738	45310.92514353
1739	45310.92514342
1740	45310.92514331
1741	45310.92514320
1742	45310.92514309
1743	45310.92514297
1744	45310.92514286
1745	45310.92514275
1746	45310.92514264
1747	45310.92514253
1748	45310.92514242
1749	45310.92514232
1750	45310.92514221
1751	45310.92514210
1752	45310.92514199
1753	45310.92514189
1754	45310.92514178
1755	45310.92514167
1756	45310.92514157
1757	45310.92514146
1758	45310.92514136
1759	45310.92514125
1760	45310.92514115
1761	45310.92514105
1762	45310.92514094
1763	45310.92514084
1764	45310.92514074
1765	45310.92514063
1766	45310.92514053
1767	45310.92514043
1768	45310.92513896
1769	45310.92513886
1770	45310.92513876
1771	45310.92513866
1772	45310.92513857
1773	45310.92513847
1774	45310.92513837
1775	45310.92513827
1776	45310.92513818
1777	45310.92513808
1778	45310.92513798
1779	45310.92513789
1780	45310.92513779
1781	45310.92513770
1782	45310.92513760
1783	45310.92513751
1784	45310.92513741
1785	45310.92513732
1786	45310.92513723
1787	45310.92513713
1788	45310.92513704
1789	45310.92513695
1790	45310.92513686
1791	45310.92513677
1792	45310.92513668
1793	45310.92513658
1794	45310.92513649
1795	45310.92513640
1796	45310.92513631
1797	45310.92513622
1798	45310.92513613
1799	45310.92513605
1800	45310.92513596
1801	45310.92513587
1802	45310.92513578
1803	45310.92513569
1804	45310.92513561
1805	45310.92513552
1806	45310.92513543
1807	45310.92513535
1808	45310.92513526
1809	45310.92513517
1810	45310.92513509
1811	45310.92513500
1812	45310.92513492
1813	45310.92513483
1814	45310.92513475
1815	45310.92513466
1816	45310.92513458
1817	45310.92513450
1818	45310.92513441
1819	45310.92513433
1820	45310.92513425
1821	45310.92513417
1822	45310.92513409
1823	45310.92513400
1824	45310.92513392
1825	45310.92513384
1826	45310.92513376
1827	45310.92513368
1828	45310.92513360
1829	45310.92513352
1830	45310.92513344
1831	45310.92513336
1832	45310.92513328
1833	45310.92513320
1834	45310.92513312
1835	45310.92513305
1836	45310.92513297
1837	45310.92513289
1838	45310.92513281
1839	45310.92513274
1840	45310.92513266
1841	45310.92513258
1842	45310.92513251
1843	45310.92513243
1844	45310.92513235
1845	45310.92513228
1846	45310.92513220
1847	45310.92513213
1848	45310.92513205
1849	45310.92513198
1850	45310.92513190
1851	45310.92513183
1852	45310.92513176
1853	45310.92513168
1854	45310.92513161
1855	45310.92513154
1856	45310.92513146
1857	45310.92513139
1858	45310.92513132
1859	45310.92513125
1860	45310.92513117
1861	45310.92513110
1862	45310.92513103
1863	45310.92513096
1864	45310.92513089
1865	45310.92513082
1866	45310.92513075
1867	45310.92513068
1868	45310.92513061
1869	45310.92513054
1870	45310.92513047
1871	45310.92513040
1872	45310.92513033
1873	45310.92513026
1874	45310.92513019
1875	45310.92513012
1876	45310.92513006
1877	45310.92512999
1878	45310.92512992
1879	45310.92512985
1880	45310.92512978
1881	45310.92512972
1882	45310.92512965
1883	45310.92512958
1884	45310.92512952
1885	45310.92512945
1886	45310.92512939
1887	45310.92512932
1888	45310.92512925
1889	45310.92512919
1890	45310.92512912
1891	45310.92512906
1892	45310.92512899
1893	45310.92512893
1894	45310.92512887
1895	45310.92512880
1896	45310.92512874
1897	45310.92512867
1898	45310.92512861
1899	45310.92512855
1900	45310.92512848
1901	45310.92512842
1902	45310.92512836
1903	45310.92512830
1904	45310.92512823
1905	45310.92512817
1906	45310.92512811
1907	45310.92512805
1908	45310.92512799
1909	45310.92512792
1910	45310.92512786
1911	45310.92512780
1912	45310.92512774
1913	45310.92512768
1914	45310.92512762
1915	45310.92512756
1916	45310.92512750
1917	45310.92512744
1918	45310.92512738
1919	45310.92512732
1920	45310.92512726
1921	45310.92512720
1922	45310.92512714
1923	45310.92512709
1924	45310.92512703
1925	45310.92512697
1926	45310.92512691
1927	45310.92512685
1928	45310.92512680
1929	45310.92512674
1930	45310.92512668
1931	45310.92512662
1932	45310.92512657
1933	45310.92512651
1934	45310.92512645
1935	45310.92512640
1936	45310.92512634
1937	45310.92512628
1938	45310.92512623
1939	45310.92512313
1940	45310.92512308
1941	45310.92512303
1942	45310.92512298
1943	45310.92512293
1944	45310.92512288
1945	45310.92512283
1946	45310.92512278
1947	45310.92512273
1948	45310.92512268
1949	45310.92512263
1950	45310.92512258
1951	45310.92512253
1952	45310.92512248
1953	45310.92512243
1954	45310.92512239
1955	45310.92512234
1956	45310.92512229
1957	45310.92512224
1958	45310.92512219
1959	45310.92512215
1960	45310.92512210
1961	45310.92512205
1962	45310.92512200
1963	45310.92512196
1964	45310.92512191
1965	45310.92512186
1966	45310.92512181
1967	45310.92512177
1968	45310.92512172
1969	45310.92512168
1970	45310.92512163
1971	45310.92512158
1972	45310.92512154
1973	45310.92512149
1974	45310.92512145
1975	45310.92512140
1976	45310.92512135
1977	45310.92512131
1978	45310.92512126
1979	45310.92512122
1980	45310.92512117
1981	45310.92512113
1982	45310.92512108
1983	45310.92512104
1984	45310.92512100
1985	45310.92512095
1986	45310.92512091
1987	45310.92512086
1988	45310.92512082
1989	45310.92512077
1990	45310.92512073
1991	45310.92512069
1992	45310.92512064
1993	45310.92512060
1994	45310.92512056
1995	45310.92512051
1996	45310.92512047
1997	45310.92512043
1998	45310.92511997
1999	45310.92511993
