words	class0	class1	class2	class3	class4	class5	class6	class7	class8	class9	class10	class11	class12	class13	class14	class15	class16	class17	class18	class19
Fusobacterium	0.96776244	24.02925570	0.12351439	0.01137404	1.95214113	0.00005475	0.00114526	0.00000052	0.24127079	0.00090227	0.04309916	0.00606240	0.19040082	0.00397711	0.48141849	0.01261725	0.02689066	1.22713780	0.62522327	0.00821624
Prevotella	0.11576289	27.05064131	0.10822992	0.01049209	0.83935660	0.00009323	20.08263719	0.00000119	0.21577015	0.00074847	0.00985774	0.00504609	0.00664200	0.02660392	0.36158325	0.00938137	0.01759140	1.30764330	0.42832291	0.01515873
Treponema	0.01401542	13.71078352	0.01592192	0.00147557	6.23278490	0.00003720	0.00014106	0.00000010	0.00000000	0.00001689	0.01034104	72.31706961	0.00636933	0.00167081	0.03372572	0.01088842	0.00282821	0.00000008	0.26513979	0.00118024
Sphingomonas	0.03331730	1.28242813	0.02540959	0.00992845	0.04166652	7451.14588490	0.00157415	0.00000014	0.90546784	0.00224827	0.00240663	0.00015473	0.08123068	0.01531428	0.06834412	0.06071112	0.00876736	0.87825915	0.09754366	0.11340082
Haemophilus	0.74756468	0.58957050	0.10287385	0.04361452	0.00620345	0.00000891	0.00048059	0.00000008	3.40825476	0.01409154	0.00239851	0.00002429	0.41843145	0.04412088	0.01219116	0.10417404	0.00002334	0.02634946	0.00083543	0.00864439
Porphyromonas	0.00330361	13.48630730	0.01543190	0.00104420	0.87798660	0.00004914	3.82018028	0.00000008	0.00366300	0.00003639	0.00125035	104.70233909	0.00317697	0.00012572	0.01372427	0.00082657	0.00002359	0.00000007	0.00143600	0.00078660
Streptococcus	0.10310936	1.68383564	0.00632953	0.00127479	0.01453426	72.31098152	8.29120585	0.00000047	0.22963214	0.00015758	0.00144454	0.00009016	0.00276149	0.00028450	0.03121664	0.00035857	0.00081339	0.00000002	0.02338726	0.02233996
Campylobacter	0.13863309	2.53641143	0.00972738	0.00113531	0.11220006	0.00008786	0.00003920	0.00000001	0.00803990	0.00054971	0.00172189	3.74662681	0.01036810	0.00057489	0.02539796	0.00299577	0.00036627	0.00000002	0.04953530	0.00282085
Neisseria	0.00462566	0.23448180	0.02128315	0.00026978	0.00030214	0.00000408	2.61806080	0.00000001	0.04462872	0.00003839	0.00010434	0.00001142	0.00066473	0.00007531	0.00058932	0.00023416	0.00005671	0.00000026	0.00068086	0.00031702
Parvimonas	0.08412796	1.28372152	0.00500250	0.00237491	0.45299682	0.00000044	0.00024497	0.00000000	0.00000000	0.00001597	0.00039628	6.02764567	0.00187508	0.00020502	0.03387726	0.00030545	0.00073194	0.00000001	0.09299274	0.00044176
Dialister	0.00006034	1.39135425	0.00035603	0.00042473	0.13251470	0.00000065	0.00001893	0.00000005	0.00091306	0.00000408	0.00008558	0.00059666	0.00051269	0.00001198	0.00001402	0.00012821	0.00007961	0.05010955	0.00101197	0.00013404
Hallella	0.00025786	0.04723639	0.00017324	0.00001860	0.00016838	0.00000355	0.05683273	0.00000009	0.00000000	0.00000014	0.00000790	1703.25066719	0.00003211	0.00014609	0.00102621	0.00000001	0.00000298	0.00000000	0.00003147	0.00002716
Veillonella	0.00563261	0.45331973	0.00771575	0.00051051	0.00401407	0.00000738	12.75541799	0.00000004	0.05085350	0.00013245	0.00028473	0.00000907	0.00068929	0.00033696	0.00067385	0.00023812	0.00019262	0.06939159	0.00057585	0.01212771
Tannerella	0.00013743	1.36864835	0.00075623	0.00000787	0.28353062	0.00000041	0.00000253	0.00000000	0.00097313	0.00000012	0.00138995	0.00012786	0.00037058	0.00010401	0.00000699	0.00005016	0.00000956	0.02818328	0.10774487	0.00001700
Eubacterium	0.02585894	0.96217617	0.00042713	0.00020771	0.05024081	0.00000069	0.00000535	0.00000002	0.00078109	0.00000218	0.00056799	5.72921507	0.00060636	0.00000017	0.01437999	0.00070121	0.00080231	0.00000000	0.00907303	0.00013132
Actinobacillus	0.00042843	0.00693756	0.00823384	0.00001480	0.00016065	0.00000002	0.08289561	0.00000035	0.03669755	0.00001756	0.00003102	0.00001189	0.00008041	0.00002527	0.00755154	0.00003111	0.00010903	0.00000000	0.00066082	0.00971317
Capnocytophaga	0.00031202	0.01292289	0.01786478	0.00049635	0.00376354	0.00000036	0.00002892	0.00000000	0.03131264	0.00001502	0.00033595	0.00017802	0.00097844	0.00001273	0.00039997	0.00002523	0.00013149	0.00000000	0.00004467	0.00115124
Leptotrichia	0.00184902	0.22836006	0.01118741	0.00018676	0.00094431	0.00000428	2.58672482	0.00000002	0.02654853	0.00011171	0.00077262	0.00000676	0.00041143	0.00034923	0.00014576	0.00013192	0.00009793	0.00000001	0.00217745	0.00738701
Actinomyces	0.00196034	0.22068134	0.00045506	0.00008348	0.01072412	80.28017160	1.43548522	0.00000005	0.00717816	0.00010030	0.00017083	0.00023077	0.00011900	0.00000024	0.00014921	0.00009072	0.00007702	0.00000000	0.00244088	0.00274788
Staphylococcus	0.00070650	0.07312393	0.00000000	0.00000000	0.00004562	0.00001356	0.00000000	0.00000000	301254.17770192	0.09817735	0.00003691	0.00000015	0.00598338	0.05838435	0.00000000	0.00010065	0.00000568	0.98762809	0.01233962	0.00062160
Gemella	0.00388454	1.30800598	0.00330446	0.00003485	0.00028466	0.00000289	0.00002738	0.00000003	0.01193084	0.00070653	0.00071806	0.00003081	0.00382391	0.00006755	0.01171250	0.00175419	0.00006384	0.01876269	0.00044413	0.01969203
Selenomonas	0.00039248	0.42672088	0.00914890	0.00015313	0.03322008	3.93176245	0.00002340	0.00000001	0.00000000	14.07421214	0.00015467	0.00013801	0.00094570	0.00001178	0.00044017	0.00008487	0.00002616	0.00000001	0.01952617	0.00027829
Peptostreptococcus	0.00137157	7.27518668	0.00502448	0.00040304	0.00010205	0.00000000	0.08759433	0.00000000	0.00112513	0.36821162	0.00001049	4.47433966	0.00000000	0.00001728	0.00002181	0.00000914	0.00018917	0.00000000	953.69661177	0.01748457
Asticcacaulis	6040.02557543	0.00126179	0.00000000	0.00003627	0.00004271	0.00000021	0.00000298	0.00000000	0.00000000	0.00001133	4.34692351	0.00000349	0.00012091	0.00005432	0.00043285	0.00000004	0.00000273	0.03874914	0.01156766	0.01151212
Filifactor	0.00000000	0.61028004	0.00000000	0.00268394	0.02120696	0.00000073	0.00001068	0.00000001	0.00000000	0.00000116	818.25498012	3.80434184	0.00010575	0.00000037	0.00000000	0.00000002	0.00114295	0.00000000	0.00089386	0.00019886
Schwartzia	0.00003839	0.03354258	0.00010594	0.00002502	0.02302017	0.00000040	0.00001695	0.00000000	0.00000000	0.00000005	0.00000278	0.00016788	0.00005703	7622.40749677	0.00000000	0.00002504	0.00000719	0.00000000	0.00002255	0.00001339
Catonella	0.00113396	0.31612809	0.00056624	0.00042782	0.00853033	0.00000100	0.00000284	0.00000001	0.00145587	0.00001203	0.00036391	0.00007146	0.00125282	0.00000091	0.00011324	0.00075135	0.00010719	0.02916969	0.00638816	0.00039555
Paludibacter	0.00010071	0.02536235	0.00130591	0.00000757	110.86204972	0.00000000	0.00000000	0.00000000	0.00000000	0.00000203	0.00397318	0.00000000	0.00163450	411.53936155	0.00050808	0.00000000	0.00000500	0.00000000	0.00795454	0.00000000
Mannheimia	0.00031455	0.00000002	0.01210558	0.00028501	0.00000000	0.00000001	0.00000000	0.00000000	383.42458605	0.00004986	0.00000000	0.00000001	0.00001101	0.00000000	0.00001092	6.00427394	0.00000220	0.00000000	0.00000585	0.00399724
Mycoplasma	0.00000117	0.00251465	0.00077800	0.00002946	0.08998307	18.47097362	0.00001212	0.00000000	0.00000000	0.00000118	0.00000000	0.00003780	0.00009171	0.00000085	0.00079096	0.00003066	0.00005984	0.00000000	0.00032635	0.00000470
Atopobium	0.00000798	0.03353515	0.00009492	0.00000000	0.00567077	0.00000026	0.13617809	0.00000002	0.00101326	0.00000696	0.00000923	4.56541203	0.00000000	0.00000000	0.00000702	0.00002621	0.00000248	0.05668638	0.00002704	0.00022245
Corynebacterium	0.00006436	0.00000000	0.00001397	0.00015323	0.00000000	0.00000000	0.00000000	0.00000000	0.00055488	1.55346778	0.00003888	0.00000085	0.00015006	0.00000000	0.00000000	0.00000011	0.00001737	0.42628113	0.00000000	0.00047178
TM7_genera_incertae_sedis	0.00001095	0.01514353	0.00006036	0.00000000	0.00000911	0.00000001	0.02225903	0.00000001	0.00059820	0.00000046	0.00000000	0.18274218	0.00000000	0.00000000	0.00067840	0.00000326	0.00002905	0.00000000	0.00008702	0.00069340
Anaeroglobus	0.00001987	0.00000018	0.00000000	0.00000358	0.01802551	0.00000047	0.00000000	0.00000001	0.00000000	0.00000002	0.00000000	0.80958605	0.13665970	0.00000000	0.00026867	0.00000011	0.00000000	0.00000000	0.00342309	0.00000000
Sneathia	0.00000000	0.00000000	0.00303441	0.00001515	0.01627644	0.00000000	0.00000000	0.00000000	0.00000000	0.00000000	0.00000452	0.00000000	0.00000000	0.00000000	0.00000000	0.00002188	0.00000000	0.00000000	54662.27630998	0.00000000
Escherichia/Shigella	0.00608493	0.18136583	0.00064217	0.00106050	0.00205147	0.00002522	0.00011467	0.00000000	0.07615573	0.00023811	0.00017133	0.00000243	0.00771719	0.00461396	0.00011865	0.00227881	0.00003534	6.93767986	0.00030752	0.00062430
Centipeda	0.00000673	0.02501419	0.00000000	0.00008658	0.00114326	7.96597087	0.91709078	0.00000000	0.00121180	0.00000415	0.00029014	0.00004136	0.00123465	0.00000033	0.00090791	0.00035710	0.00032352	0.00000002	0.00032978	0.00065785
Paraprevotella	0.00047980	0.03225548	0.00098552	0.00028357	0.00175994	5.16309106	0.79837903	0.00000002	0.00332163	0.00001974	0.00007031	0.00000156	0.00039693	0.00010294	0.00201757	0.00012839	0.00008025	0.00000001	0.00012610	0.00204487
Oribacterium	0.00009346	0.05282105	0.00034471	0.00000000	0.00967564	0.00000023	0.00001131	0.00000000	0.00044315	0.00000090	931.71018762	0.00004910	0.00102238	0.00000028	0.00224824	0.00000274	0.00002312	0.00000000	0.00003310	0.00066149
Phocaeicola	0.00000000	0.00146669	0.00000000	0.00000029	0.00000000	0.00000000	0.00000000	0.00000003	0.00000000	0.00000000	0.00000000	65.65269559	0.00000000	4430.62415325	0.00000000	0.00000001	0.00000000	0.00000000	0.00000172	0.00000000
Megasphaera	0.00000000	0.02901249	0.00012137	0.00018878	0.00006569	0.00000019	1.42833279	0.00000000	0.00246756	16.20007248	0.00004133	0.00000045	0.00000000	0.00000004	0.00000696	0.00000968	0.00004554	0.00000000	0.00000000	0.00182512
Granulicatella	0.00018613	0.02097596	0.00209632	0.00011741	0.00003426	0.00000061	1.00222402	0.00000002	0.00996794	0.00001789	0.00003828	0.00000207	0.00018302	0.00001363	0.00000000	0.00000416	0.00003667	0.00000000	0.00008650	0.00093795
Eikenella	34136.00252138	0.00000000	0.02240087	0.00001464	0.00002616	0.00000019	0.04415967	0.00000000	0.00000000	0.00000396	0.00003383	0.00000000	0.00056522	0.00000000	0.00078739	0.00000003	0.00000652	0.00000000	0.00000000	0.00060254
Peptostreptococcaceae_incertae_sedis	0.00003670	0.00129381	0.00002734	0.00000587	0.00488459	0.00000000	0.00001454	0.00000000	0.00125558	0.00000000	0.00013271	0.00007743	13.07263565	0.00001325	0.00004412	0.00000000	0.00002567	0.00000000	0.00001357	0.00022232
Aggregatibacter	0.00000061	0.00002944	0.00013206	0.00016540	10.52030970	0.00000000	0.00000000	0.00000000	0.02900435	0.00003323	0.00000000	0.00000000	0.00000000	0.00000000	0.00000000	0.00000001	0.00013903	0.00000000	0.00001590	0.00006446
Johnsonella	0.00000000	0.00000000	0.00000000	0.00000000	0.00000000	0.00000000	0.00000000	0.00000000	0.00000000	0.00000000	0.03210624	7.32048537	0.00000000	0.00000000	0.00000000	50804.75708336	0.00000000	0.00000000	0.00000000	0.00000000
Rothia	0.00019661	0.01188758	0.00050499	0.00003670	0.00007909	0.00000001	1.72086909	0.00000000	0.00329085	0.00000786	0.00002270	0.00000114	0.00006313	0.00000001	0.00000708	0.00000264	0.00001181	0.00000000	0.00019880	0.00029079
Syntrophococcus	0.00006272	0.02066814	0.00106298	0.00002238	0.00067047	0.00000010	0.27350496	0.00000000	0.00196004	0.00003372	145.98615750	0.00000052	0.00007798	0.00002426	0.00000000	0.00015152	0.00001487	0.00000000	0.00000828	0.00050823
Mogibacterium	0.00000000	0.19879344	0.00013030	0.00000000	0.00782109	0.00000039	0.00000161	0.00000000	0.00000000	0.00000317	0.00006280	0.00001621	0.00009051	0.00004368	0.00000000	0.00000075	0.00003096	0.00000000	0.00081110	0.00001582
Moraxella	362.25650607	0.00000002	0.00000295	0.00000000	0.00000000	0.00000000	0.00000000	0.00000000	0.00000000	1.97459477	0.00004126	0.00000011	0.00002072	0.00000006	0.00000000	0.00000000	0.00000000	0.00000000	0.00000136	0.00000000
SR1_genera_incertae_sedis	0.00007094	0.00592477	0.00007943	0.00004762	0.00244035	0.00000698	0.00001456	0.00000000	0.00045738	0.00001413	0.00000806	0.00000000	0.00043102	0.00000000	0.00001214	0.00000000	0.00000000	0.00000000	0.00003384	0.00000000
Solobacterium	0.00000121	0.03649290	0.00000000	0.00000000	0.00035986	0.00000004	0.26560603	0.00000001	0.00089013	0.00019342	0.00000281	0.00000397	0.00000341	0.00000000	0.00040227	0.00000182	0.00000000	0.07424186	0.00001544	0.00025719
Saccharofermentans	0.00000000	0.00000000	0.00000000	0.00000000	0.00000000	0.00000000	0.00000000	0.00000000	0.00000000	0.00000000	0.00000000	0.00000000	0.00000000	0.00000000	0.00000000	1.46107705	0.00000000	0.00000000	0.00000000	0.00000000
Slackia	0.00043883	0.00344861	0.00000881	0.00000516	0.00278782	0.00000005	0.00000000	0.00131269	0.00000000	0.00000000	0.00003015	0.00000199	0.00000924	0.00000001	0.00043119	0.00002503	0.00004824	0.00000000	0.00001505	0.00000660
Planobacterium	0.00002505	0.00134806	0.00068723	0.00000563	0.00000000	0.00000001	0.03771405	0.00000000	0.00059491	0.00000018	0.00003815	0.00000012	0.00000000	0.00000002	0.00000000	0.00000000	0.00000566	0.00000000	0.00000011	0.00109448
Tumebacillus	0.00020447	0.01834187	0.00006928	0.00015336	0.00064558	31.47203251	0.00003502	0.00000000	0.00710920	0.00001821	0.00002381	0.00000015	0.00120579	0.00023553	0.00000000	0.00040044	0.00000000	0.50579731	0.00006330	0.00008062
Bulleidia	0.00000000	0.00000005	0.00000301	0.00002405	0.00401826	0.00000001	0.00000000	0.00000001	0.00000000	0.00000000	0.00000000	13.16220883	0.00000637	0.00000000	0.00000000	0.00000000	0.00000000	0.00000000	0.00000021	0.00000000
Arcanobacterium	0.00000000	0.00000000	0.00000000	0.00001651	0.00000000	0.00000000	0.00000000	0.00000000	0.00000000	0.00000000	0.00000000	0.00000000	0.00000000	0.00000000	0.00000000	0.00000238	0.00000000	0.00000000	0.00000000	0.00000000
Methylobacterium	0.00012647	0.00364945	0.00000000	0.00007042	0.00011209	39.16135256	0.01298409	0.00000000	0.00850574	0.00001264	0.00001196	0.00000051	0.00053637	0.00009247	0.00040388	0.00017534	0.00001302	0.01556865	0.00013426	0.00003916
Pseudomonas	0.00009026	0.00675348	0.00004912	0.00003973	0.00008046	16.90156549	0.00000236	0.00000000	0.00139514	0.00000598	0.00000000	0.00000056	0.00032276	0.00015374	0.00036163	0.00005038	0.00002077	0.01177392	0.00018456	0.00028107
Desulfovibrio	0.00000000	0.00000000	0.00001483	0.00000000	0.00228198	0.00000000	0.00000000	0.00000000	0.00000000	0.63859033	0.00000000	0.00000000	0.00000000	0.00063777	0.00000000	0.00000000	0.00000000	0.00000000	0.00000000	0.00000000
Anaerosinus	0.00000000	0.00000000	0.00000000	0.00000000	0.00000000	0.00000000	0.00000000	0.00000000	0.00000000	0.00000000	0.00000000	0.00000000	0.00000000	0.00000000	0.00000000	0.00000135	0.00000000	7328.22104218	0.00000114	0.00002876
Bifidobacterium	0.00000000	0.00000000	0.00001792	0.00000216	0.00000000	0.00000031	0.00000000	0.00043006	0.00000000	0.00000000	0.00000000	0.00000000	0.00000000	0.00000000	181.97929591	0.00000076	0.00000000	0.00000000	0.00000113	0.00000780
Coprococcus	0.00000961	0.00000000	222.85245174	0.00000000	0.00000000	0.00000000	0.00000145	0.00000000	0.00000000	0.00000000	0.00001391	0.00000000	0.00000097	0.00000000	0.00000000	0.00000000	0.00000000	0.00000000	0.00009850	0.00000456
Clostridium XIX	0.00117061	0.04401301	0.00006464	0.00004076	0.00255880	0.00000001	0.00000456	0.00000000	0.00000000	0.00000269	0.00007966	0.00000127	0.00053987	0.00000000	0.00009364	0.00005010	0.00000210	114.97076483	0.00326396	0.00001807
Bradyrhizobium	0.00015235	0.00000006	0.00000000	0.00076929	0.00000000	0.00000000	0.00000000	0.00000000	0.00342724	0.00003132	0.00000000	0.16315369	0.00019539	122.31922186	0.00000000	0.00000027	0.00000000	0.00000000	0.00000000	0.00000000
Howardella	0.00000000	0.00000000	0.00000270	0.00000109	0.00103522	0.00000001	0.00000489	0.07139095	0.00000000	0.00000000	0.00000000	0.00000314	0.00000026	0.00000018	0.00000000	0.00000031	0.00000000	0.00096727	0.00000000	0.00003975
Pseudoramibacter	0.00000000	0.00000000	0.00000653	0.00000000	0.00000000	0.00000000	0.00000000	0.00000000	0.00000000	0.00000000	0.00000000	12.43936094	0.00000000	0.00001716	0.00000000	0.00000000	0.00000000	0.08416908	0.00000017	0.00000000
Olsenella	0.00000000	0.00080163	0.00000000	0.00000052	0.00071431	0.00000031	0.00000000	0.00000001	0.00000000	0.00000000	0.00000000	0.00000250	0.00000000	0.00000001	0.00019271	0.00000000	0.00000050	0.00000000	0.00000012	0.00000000
Streptobacillus	0.00000000	0.00000000	0.00005646	0.00000000	0.00001779	0.00000000	0.00000080	0.00000000	0.00338997	0.00000062	0.00000000	0.00000000	210.53339926	0.00000000	0.00000000	0.00000004	0.00000000	0.00000000	0.00000239	0.00000000
Erysipelotrichaceae_incertae_sedis	0.00000000	0.00000000	0.00000000	0.00000000	0.00006432	0.00000000	0.00000000	17273.98107588	0.00000000	0.00000000	0.00000000	0.00000013	0.00000000	0.00002999	0.00000000	0.00000000	0.00000000	0.00000000	0.00000000	0.00000000
Ureaplasma	0.00000000	0.00000000	0.00000000	35.67548396	0.00000000	0.00000000	0.00000000	0.00000000	0.00000000	0.00000000	0.00000000	0.00000000	0.00897601	0.00000035	0.00000000	0.00000000	0.00000000	0.00000000	0.00000000	0.00000000
Moryella	0.00000000	0.00202437	0.00001734	0.00099998	0.00000000	0.00000013	0.07506471	0.00000000	0.00039554	0.00000000	0.00000870	0.00000000	0.00000045	0.00000000	0.00000000	0.00000000	0.00001395	0.00000000	0.00000000	0.00008772
Acinetobacter	0.00008999	0.00000000	0.00000952	0.00000291	0.00000000	4.87840550	0.00000000	0.00004588	0.00000001	0.00000000	0.00000000	0.00000005	0.00001196	0.00000012	0.00000000	0.00007503	0.00000176	0.10848976	0.00000000	0.00003807
Streptophyta	0.00000000	0.00000000	0.00000000	0.00000000	0.00000000	0.00000000	0.00000006	0.00000000	0.00000000	0.00000003	0.00000000	0.00000002	0.00000023	0.00000000	0.00000000	0.00000000	504.39806673	0.00000000	0.00000000	0.00007525
Shuttleworthia	0.00000000	0.00000000	0.00000000	0.00000000	0.00000000	0.00000007	0.00000000	200.79214265	0.00000000	0.00000000	0.00000000	0.00000018	0.00002187	0.00000000	0.00000000	0.00000000	0.00000000	0.00000000	0.00000000	0.00000000
Pyramidobacter	0.00000000	0.00000000	0.00000000	0.00000000	0.00000000	0.00000000	0.00000000	0.00000000	0.00000000	0.00000000	0.00000000	0.00000002	0.00000000	0.00000000	0.00063690	0.00000000	0.00000000	0.00000000	0.00000000	0.00000000
Xanthomonas	0.00000000	0.00000000	0.00000315	0.00000000	0.00000000	0.00000000	0.00000000	0.00000000	0.00037831	0.00000000	0.00000000	0.00000001	0.00000000	0.00000000	0.00000000	0.00000034	0.00001029	0.00000000	0.00003391	0.00015189
Pedobacter	0.00000646	0.00000000	0.00001979	0.00026972	0.00000000	11.82880003	0.00000073	0.00001081	0.00070054	0.00000152	0.00000000	0.00000000	0.00008646	0.00002324	0.00005063	0.77943259	0.00000550	0.00139249	0.00000000	0.00006214
Cardiobacterium	0.00001355	0.00000000	0.00003174	0.00000000	0.00005182	0.00000000	0.00000000	0.00000000	0.00000000	0.11524265	0.00000126	0.00000006	0.00000018	0.00000000	0.00000000	0.00000000	0.00000000	0.00000000	0.00000000	0.00000000
Paracoccus	0.00000000	0.00000000	0.00000235	0.00000000	0.00005237	0.00000000	0.00000000	0.00000000	0.00000000	0.00000000	0.00000000	0.00000000	0.00000000	0.00000000	0.00000000	0.00000000	0.00002386	0.00000000	0.00000469	0.00000000
Desulfobulbus	0.00000000	0.00000002	0.00000000	0.00000000	0.00000000	0.00000000	0.00000000	0.00000000	0.00000000	0.00000000	0.00000000	0.00000075	0.00000000	664.34916577	0.00000000	0.00000000	0.00000130	0.00000000	0.00000035	0.00000000
Brevibacillus	0.00000343	0.00000000	2.62549019	0.00000000	0.00000000	32.24066146	0.00000000	0.00000000	0.00068200	0.00000000	0.00001199	0.00000028	0.00000000	0.00002181	0.00002851	0.00000006	0.00000341	0.00000000	0.00001920	0.00000329
Propionibacterium	0.00001331	0.00000000	0.00001022	0.00003108	0.00000599	0.00000000	0.00000016	0.00000000	0.00000000	0.00000005	0.00000000	0.00000051	0.00000076	0.00000000	0.00000000	0.00005006	0.00000614	0.01273544	0.00003771	0.00011676
Abiotrophia	0.00009981	0.00000000	0.00002799	0.00000000	0.00000000	0.00000000	0.05002649	0.00000000	0.00003115	0.00000009	0.00000000	0.00000030	0.00000000	0.00000872	0.00000000	0.00000005	0.00000195	0.00000000	0.00002107	0.00006031
Barnesiella	0.00000000	0.00000000	0.00000000	0.00000000	0.00000000	0.00000000	0.00664700	0.00000000	0.00000000	0.00000000	0.00000000	0.00000000	0.00000000	0.00000049	0.00000000	0.00000000	0.00000000	0.00000000	0.00000000	0.00000000
Butyrivibrio	0.00000000	0.00000000	0.00000154	0.00000000	0.00000000	0.00000000	0.00000000	2623.79357139	0.00000000	0.15291191	0.00000000	0.00000000	0.00000000	0.00000000	0.00000000	0.00000034	0.00000000	0.00000000	0.00000000	0.00000132
Peptococcus	0.00000220	0.00111526	0.00000193	0.00000087	0.00005044	0.00000000	0.00000036	0.00000000	0.00000000	0.00000091	0.00000479	0.00000044	0.00015491	0.00000000	0.00004795	0.00000001	0.00000764	0.00000000	0.00006995	0.00000000
Mycobacterium	0.00000000	0.00000000	0.00000558	0.00003717	0.00000000	0.00000000	0.00000079	0.00000000	0.00016740	0.00000051	0.00000000	0.00000000	0.00000000	0.00000004	0.00000000	0.00000005	0.00000661	0.00000000	0.00000000	0.00003341
Delftia	0.00009429	0.00000000	0.00003640	0.00000362	0.00000000	0.00000000	0.00000158	0.00000000	0.00021110	0.00000463	0.00000000	0.00000000	0.00000000	0.00004395	0.00001171	0.00000000	0.00000000	0.08178648	0.00005732	0.00005003
Bacteroides	0.00002823	0.00000000	0.00000000	0.00000197	0.00000000	0.00000000	0.00000555	0.00000000	0.00000000	0.00000000	0.00000000	0.00000085	0.00000000	0.00000000	0.00000000	0.00000000	0.00000000	0.00000000	0.00000000	0.00000000
Cryptobacterium	0.00000000	0.00000000	0.00000000	0.00000000	0.00000000	0.00000000	0.00000000	107.89690065	0.00000000	0.00000000	0.00000000	0.00000000	0.00000000	0.00000000	0.00000000	0.00000001	0.00000000	0.00000000	0.00000000	0.00000000
Comamonas	0.00000000	0.00000000	0.00000495	0.00000000	0.00000000	0.00000000	0.00000000	0.00000000	332.30041440	0.00000000	0.39005153	0.00000000	0.00001019	0.00000882	0.00004136	0.00000004	0.00000000	0.08224541	0.00002123	0.00000000
Achromobacter	0.00009517	0.00000000	0.00000911	0.00000000	0.00000000	0.00000065	0.00000000	0.00000540	0.00000000	0.00000104	0.00000320	0.00000000	0.46325869	10.58374069	0.00000000	0.00006693	0.00000474	0.00000000	0.00000000	0.00000418
Lonepinella	0.00022768	0.00000000	0.00013203	0.00000725	0.00000568	0.00000001	0.00000000	0.01799192	0.00148669	0.00000342	0.00000000	0.00000000	5.08165635	0.00004830	0.00000000	0.00013383	0.00000000	0.00000000	0.00000000	0.00000623
Enhydrobacter	0.00000000	0.00000000	0.00000000	0.00000258	0.00000000	0.00000000	0.00000000	0.00000000	0.00000000	0.00000000	0.00000000	0.00000000	0.00000000	0.00000000	0.00000000	0.00000002	0.00000000	0.00000000	0.00000000	0.00003024
Odoribacter	0.00000000	0.00000000	0.00000000	0.00000000	0.00000000	0.00000000	0.00000000	0.00000000	0.00000000	0.00000000	0.00000000	0.00000000	0.00000000	0.00000000	0.00000000	0.00000000	0.00000000	0.00000000	0.00000435	0.00000000
Actinobaculum	0.00000000	0.00000000	0.00000000	0.00000000	0.00000000	0.00000000	0.00000000	0.00000000	0.00000000	0.64088373	0.00000000	0.00000000	0.00000000	0.00000000	0.00000000	0.00000000	0.00000000	0.00000000	0.00000000	0.00000000
Micrococcus	0.00003257	0.00000000	0.00001099	0.00000000	0.00000000	0.00000000	0.00000000	0.00000000	0.00000000	0.00000000	0.00000000	0.00000000	0.00000000	0.00000003	0.00000000	0.00000000	268.74258646	0.00000000	0.00000000	0.00000000
Kingella	0.00000000	0.00000000	0.00001239	0.00000000	0.00000000	0.00000000	0.00000000	0.00000000	0.00000000	1.25702628	0.00000000	0.00000000	0.00000000	0.00000000	0.00000000	0.00000000	0.00000000	0.00000000	0.00000000	0.00027911
Nicoletella	0.00000000	0.00000000	0.00001533	0.00005184	0.00000000	0.00000001	0.00000000	0.01508388	0.00379056	0.05730150	0.00000000	0.00000000	0.00005099	0.00001611	0.00000000	0.00000000	0.00000000	0.00000000	0.00000260	0.00000732
Brachymonas	0.00000040	0.00000000	2.62537965	0.00000000	0.00000000	0.00000000	0.00000000	0.00000000	0.00000000	0.00000000	0.00000000	0.00000000	0.00000000	0.00000000	0.00000000	0.00000000	0.00000000	0.00000000	0.00000000	0.00000000
Dermacoccus	0.00000478	0.00000000	0.00000000	0.00000022	0.00000984	0.00000000	0.00000000	0.00000000	0.00006338	0.00000000	0.00000000	0.00000000	0.00000000	0.00000000	0.00000000	0.00000000	0.00000017	0.00000000	0.00000000	0.00000000
Dolosigranulum	0.00000000	0.00000000	0.00000000	0.00000000	0.00000000	0.00000000	0.00000000	0.00000000	0.00000000	33.50632761	0.00000000	0.00000000	0.00000000	0.00000000	0.00000000	0.00000000	0.00000000	0.00000000	0.00000000	0.00000000
Brevundimonas	0.00000040	0.00000000	0.00000000	0.00000000	0.00000000	0.00000000	0.00000000	0.00000000	0.00000000	0.00000000	0.00000000	0.00000000	0.00000000	0.00000000	0.00000000	0.00000000	0.00000084	48.03012558	0.00000000	0.00000000
Flavobacterium	0.00000000	0.00000000	0.00000000	0.00000000	0.00000000	0.00000000	0.00000000	0.00000000	0.00000000	0.00000000	0.00000000	0.00000002	0.00000000	0.00000000	0.00000000	0.00000000	0.00000417	0.00000000	0.00000000	0.00000000
Lactobacillus	0.00000000	0.00000004	0.00000000	0.00000022	0.00000000	0.00000000	0.00000000	0.00000000	0.00000000	0.00000000	0.00000000	0.00000000	0.00000000	0.00000000	0.00000000	0.00000017	0.00000000	0.00000000	0.00000000	0.00000000
Peptoniphilus	0.00000982	0.00000000	0.00000000	0.00000000	0.00000000	0.00000000	0.00000000	0.00000000	0.00000000	0.00000166	0.00000000	0.00000000	0.00011310	0.00000965	0.00000000	0.00000000	0.00000000	0.00000000	0.00000000	0.00000000
Alloscardovia	0.00000000	0.00000000	0.00000000	0.00000000	0.00000000	0.00000000	0.00000009	0.00000000	0.00000000	0.00000000	0.00000000	0.00000000	0.00000000	0.00000000	0.00004265	0.00000010	0.00000000	0.00000000	0.00000000	0.00000000
Anaerococcus	0.00000000	0.00000000	0.00000079	0.00000000	0.00000000	0.00000000	0.00000000	0.00000000	0.00000000	0.00000000	0.00000000	0.00000000	0.00000000	0.00000000	0.00000000	0.00000001	0.00000205	0.00000000	0.00000000	0.00000732
Novosphingobium	0.00000000	0.00000000	0.00000090	0.00000000	0.00000000	0.00000004	0.00000000	0.00000000	0.00032170	0.07088293	0.00000000	0.00000000	0.00001293	0.00000000	0.00000000	0.00000000	0.00000000	0.00000000	0.00000000	0.00000000
Methanobrevibacter	0.00000000	0.00000000	0.00000000	0.00000000	0.00000000	0.00000000	0.00000000	0.00000000	0.00000000	0.00000181	0.00000000	0.00000000	0.00000000	0.00000000	0.00000000	0.00000000	0.00000000	0.00000000	0.00000035	0.00000000
Stenotrophomonas	0.00000000	0.00000000	0.00000000	0.00000000	0.00000000	0.00000000	0.00575223	0.00000000	0.00000000	0.06060533	0.00000000	0.00000000	0.00000000	0.00000000	0.00000000	0.00000000	0.00000366	0.00000000	0.00000000	0.00002917
Finegoldia	0.00005470	0.00000000	0.00000000	0.00000022	0.00000000	0.00000000	0.00000000	0.00000000	0.00000000	0.00000000	0.00000000	0.00000000	0.00000000	0.00000000	0.00000000	0.00000002	0.00000000	0.00000000	0.00000000	0.00002293
Chryseobacterium	0.00000000	0.00000000	0.00000000	0.00000000	0.00000000	0.00000000	0.00000000	0.00000000	0.00000000	0.00000000	0.00000000	0.00000000	0.00000000	0.00000000	0.00000000	0.00000000	0.00000000	0.00000000	0.00000000	0.00000000
Mitsuokella	0.00000000	0.00000000	0.00000000	0.00000000	0.00000000	0.00000000	0.00000000	0.00000000	0.00000000	0.00000000	0.00000000	0.00000000	0.00000000	0.00000000	0.00000000	0.00000012	0.00000000	0.00000000	0.00000000	0.00000000
Sphingobium	0.00000363	0.00000000	0.00000000	0.00000000	0.00000000	0.00000000	0.00000000	0.00000000	0.00098118	0.00000000	0.00000000	0.00000000	0.00000771	0.00000000	0.00000000	0.00000000	0.00000000	0.00000000	0.00000000	0.00000000
Burkholderia	0.00000000	0.00000000	0.00000000	0.00000000	0.00000000	0.00000000	0.00000000	0.00000000	0.00034615	0.00000000	0.00000000	0.15246598	0.00004016	0.00000394	0.00000000	0.00000001	0.00000094	0.00000000	0.00000000	0.00000000
Anaerovorax	0.00000219	0.00000000	0.00000000	0.00000000	0.00000000	0.00000000	0.00000000	0.00000000	0.00000000	0.00000000	0.00000000	0.00000000	0.00000000	0.00000000	0.00003990	0.00000000	0.00000000	0.00000000	0.00000062	0.00000000
Bdellovibrio	0.00000000	0.00000000	0.00000000	0.00000000	0.00000000	0.00000000	0.00000000	0.00000000	0.00000000	0.00000000	0.00000000	0.00000000	0.00000000	0.00000000	0.00000000	0.00000000	0.00000000	0.00000000	0.00000000	0.00000000
Jonquetella	0.00000000	0.00000000	0.00000000	0.00000000	0.00000000	0.00000000	0.00000000	0.00000000	0.00000000	0.00000119	0.00000000	0.00000000	0.00000000	0.00000000	0.00000000	0.00000000	0.00000000	0.00000000	0.00000017	0.00000000
Kocuria	0.00000000	0.00000000	0.00000000	0.00000000	0.00000000	0.00000012	0.00000000	0.00000000	0.00000000	0.00000000	0.00000000	0.00000000	0.18145009	0.00000000	0.00000000	0.00000000	0.00000000	0.00000000	0.00000000	0.00002129
Cloacibacterium	0.00000000	0.00000000	0.00000000	0.00000000	0.00000000	0.00000000	0.00000000	0.00000000	0.00004845	0.00000000	0.00000000	0.00000000	0.00000000	0.00000670	0.00000000	0.00000000	0.00000000	0.00000000	0.00000000	0.00007804
Williamsia	0.00000000	0.00000000	0.00000000	0.00000000	0.00000000	0.00000000	0.00000000	0.00000000	0.00000000	0.00000000	0.00000000	0.00000000	0.00000000	0.00000000	0.00000000	0.00000000	0.00000027	0.00000000	0.00000000	0.00000000
Gardnerella	0.00000000	0.00000000	0.00000000	0.00000000	0.00000000	0.00000000	0.00000000	0.00000000	0.00000000	0.00000000	0.00000000	0.00000008	0.00000000	0.00000000	0.00000000	0.00000000	0.00000000	0.00000000	0.00000000	0.00000000
Xylanibacter	0.00000000	0.03348820	0.00000000	0.00000022	0.00000000	0.00000001	0.00000005	0.00000000	0.00000000	0.00000000	0.00000000	0.00000000	0.00000000	0.00000000	0.00000000	0.00000000	0.00000000	0.00000000	0.00000000	0.00000000
Clostridium XI	0.00000000	0.00000000	0.00000000	0.00000000	0.00000000	0.00000000	0.00000000	0.00000000	0.00000000	0.00000000	0.00000000	0.00000000	0.00000000	0.00000000	0.00000000	0.00000000	0.00000333	0.00027203	0.00000000	0.00000000
Pseudoxanthomonas	0.00000000	0.00000000	0.00000043	0.00000000	0.00000000	0.00000000	0.00000000	0.00000000	0.00000000	0.00000000	0.00000000	0.00000000	0.00000000	0.00000000	0.00000000	0.00000000	0.00000064	0.00000000	0.00000000	0.00000000
Psychrobacter	0.00000000	0.00000000	0.00000443	0.00000000	0.00000000	0.00000000	0.00000000	0.00000000	0.00000000	0.00000000	0.00000000	0.00000000	0.00000000	0.00000000	0.00000000	0.00000000	0.00000000	0.00000000	0.00000000	0.00000000
Bacillus	0.00000000	0.00000000	0.00000500	0.00000000	0.00000000	0.00000000	0.00000063	0.00000000	0.00000000	0.00000000	0.00000000	0.00000000	0.00000000	0.00000000	0.00000000	0.00000000	0.00000064	0.00027352	0.00000000	0.00000000
Janthinobacterium	0.00000000	0.00000000	0.00002514	0.00000000	0.00000000	0.00000000	0.00000000	0.00000000	0.00000000	0.00000000	0.00000000	0.00000000	0.00000000	0.00000000	0.00000000	0.00000000	0.00000000	0.00000000	0.00000000	0.00000000
Microbacterium	0.00000061	0.00000000	0.00000086	0.00002920	0.00000000	0.00000000	0.00000000	0.00000000	0.00000000	0.00000000	0.00000000	0.00000000	0.00000588	0.00000000	0.00000000	0.00000000	0.00000000	0.00000000	0.00000000	0.00003810
Roseomonas	0.00000000	0.00000000	0.00000000	0.00000000	0.00000000	0.00000000	0.00000000	0.00000000	0.00000000	0.00000000	0.00000000	0.00000000	0.00000000	0.00000000	0.00000000	0.00000000	0.00000154	0.00000000	0.00000000	0.00000000
Lactovum	0.00000000	0.00000005	0.00000000	0.00000000	0.00000000	0.00000000	0.00000020	0.00000000	0.00000000	0.00000000	0.00000000	0.00000001	0.00003161	0.00000000	0.00000000	0.00000000	0.00000000	0.00000000	0.00000006	0.00000000
Naxibacter	0.00000000	0.00000000	0.00000000	0.00000000	0.00000000	0.00000000	0.00000000	0.00000000	0.00000000	0.00000000	0.00000000	0.00000000	0.00000000	0.00000000	0.00000000	0.00000000	0.00000000	0.00000000	0.00000000	0.00000000
Propionivibrio	0.00000189	0.00000000	0.00000000	0.00000000	0.00000000	0.00000000	0.00000000	0.00000000	0.00000000	0.00000000	0.00000000	0.00000000	0.00000000	0.00001188	0.00000000	0.00000000	0.00000000	0.00000000	0.00000694	0.00000000
Vampirovibrio	0.00000000	0.00000000	0.00000000	0.00000000	0.00000000	0.00000000	0.00000000	0.00000000	0.00000000	0.00000000	0.00000000	0.00000000	0.00000000	0.00000000	0.00000000	0.00000000	0.00000272	0.00000000	0.00000000	0.00000244
Rheinheimera	0.00000000	0.00000000	0.00000000	0.00000000	0.00000000	0.00000000	0.00000000	0.00000000	0.00000000	0.00000000	0.00000000	0.00000000	0.00000000	0.00000000	0.00000000	0.00000000	0.00000168	0.00000000	0.00000000	0.00000000
Cloacibacillus	0.00000000	0.00000000	0.00000000	0.00000000	0.00000000	0.00000000	0.00000000	0.00000000	0.00000000	0.00000067	0.00000000	0.00000000	0.00000000	0.00000000	0.00000000	0.00000000	0.00000000	0.00000000	0.00000000	0.00000000
Cupriavidus	0.00000000	0.00000000	0.00000000	488.74517897	0.00000000	0.00000000	0.00000000	0.00000000	0.00000000	0.00000000	0.00000000	0.00000000	0.00000000	0.00000000	0.00000000	0.00000000	0.00000000	0.00000000	0.00000000	0.00000000
Gordonia	0.00000000	0.00000000	0.00000000	0.00000000	0.00000000	0.00000000	0.00000000	0.00000000	0.00000000	0.00000000	0.00000000	0.00000000	0.00000000	0.00000000	0.00000000	0.00000000	0.00000000	0.00000000	0.00000338	0.00000000
Luteibacter	0.00000000	0.00000000	0.00000000	0.00000000	0.00000000	0.00000000	0.00000000	0.00000000	0.00000000	0.00000000	0.00000000	0.00000000	0.00000000	0.00000000	0.00000000	0.00000000	0.00000000	0.00000000	0.00000000	0.00000000
Pleomorphomonas	0.00000000	0.00000000	0.00000000	0.00000000	0.00000000	0.00000000	0.00000000	0.00000000	0.00000000	0.00000000	0.00000000	0.00000000	0.00000000	0.00000000	0.00000000	0.00000000	0.00000000	0.00000000	0.00002667	0.00000000
Shewanella	0.00000000	0.00000000	0.00000000	0.00000000	0.00000000	0.00000000	0.00000000	0.00000000	0.00000000	0.00000012	0.00000000	0.00000000	0.00000000	0.00000000	0.00000000	0.00000000	0.00000094	0.00000000	0.00000000	0.00000000
Tatumella	0.00000000	0.00000000	0.00000000	0.00000000	0.00000000	0.00000000	0.00000000	0.00000000	0.00000000	0.00000000	0.00000000	0.00000025	0.00000000	0.00000000	0.00000000	0.00000000	0.00000000	0.00027203	0.00000000	0.00000000
Blastococcus	0.00000277	0.00000000	0.00000000	0.00000000	0.00000000	0.00000000	0.00000000	0.00000000	0.00000000	0.00000000	0.00000000	0.00000000	0.00000000	0.00000000	0.00000000	0.00000000	0.00000000	0.00000000	0.00000000	0.00000000
Blastomonas	0.00000000	0.00000000	0.00000088	0.00000000	0.00000000	0.00000000	0.00000000	0.00000000	0.00000000	0.00000275	0.00000000	0.00000000	0.00000000	0.00000000	0.00000000	0.00000000	0.00000000	0.00000000	0.00000000	0.00000000
Brevibacterium	0.00000000	0.00000000	0.00000019	0.00000000	0.00000000	0.00000000	0.00000000	0.00000525	0.00000000	0.00000000	0.00000000	0.00000000	0.00000000	0.00000000	0.00000000	0.00000000	0.00000016	0.00000000	0.00000000	0.00000000
Collinsella	0.00000000	0.00000000	0.00000000	0.00000000	0.00000000	0.00000000	0.00000000	0.00000000	0.00000000	0.00000000	0.00000000	0.00000000	0.00000000	0.00000000	0.00000000	0.00000000	0.00000000	0.00000000	0.00000000	0.00000000
Conchiformibius	0.00000000	0.00000000	0.00007291	0.00000000	0.00000000	0.00000000	0.00000000	0.00000000	0.00000000	0.00000000	0.00000000	0.00000000	0.00000000	0.00000000	0.00000000	0.00000000	0.00000000	0.00000000	0.00000000	0.00000000
Desulfomicrobium	0.00000000	0.00000000	0.00000000	0.00000000	0.00000000	0.00000000	0.00000000	0.00000000	0.00000000	0.00000000	0.00000000	0.00000000	0.00000000	0.00000000	0.00000000	0.00000000	0.00000000	0.00000000	0.00000040	0.00000000
Janibacter	0.00000000	0.00000000	0.00000000	0.00000000	0.00000000	0.00000000	0.00000000	0.00000000	0.00000000	0.00000000	0.00000000	0.00000000	0.00000000	0.00000001	0.00000000	0.00000000	0.00000134	0.00000000	0.00000000	0.00000000
Alysiella	0.00000000	0.00000000	0.00000000	0.00000000	0.00001621	0.00000000	0.00000000	0.00000000	0.00000000	0.00000000	0.00000000	0.00000000	0.00000000	0.00000000	0.00000000	0.00000000	0.00000000	0.00000000	0.00000000	0.00000000
Geobacillus	0.00001137	0.00000000	0.00000000	0.00000000	0.00000000	0.00000000	0.00000000	0.00000000	0.00000000	0.00000045	0.00000000	0.00000000	0.00000000	0.00000000	0.00000000	0.00000000	0.00000000	0.00000000	0.00000000	0.00000000
Megamonas	0.00000000	0.00000000	0.00000000	0.00000000	0.00000000	0.00000000	0.00000000	0.00000000	0.00000000	0.00000000	0.00000000	0.00000000	0.00000000	0.00000000	0.00000000	0.00000000	0.00000000	0.00000000	0.00000000	0.00000000
Petrobacter	0.00000000	0.00000000	0.00000000	0.00000000	0.00000000	0.00000000	0.00000000	0.00000000	0.00000000	0.00000039	0.00000000	0.00000000	0.00000000	0.00000000	0.00000000	0.00000000	0.00000000	0.00000000	0.00000000	0.00000000
Rhodocyclus	0.00000000	0.00000000	0.00000000	0.00000000	0.00000000	0.00000000	0.00000000	0.00000000	0.00000000	0.02902300	0.00000000	0.00000000	0.00000000	0.00000000	0.00000000	0.00000000	0.00000000	0.00000000	0.00000000	0.00000000
Sphaerobacter	0.00000000	0.00000000	0.00000000	0.00000000	0.00000000	0.00000000	0.00000000	0.00000000	0.00000000	0.00000000	0.00000000	0.00000000	0.00000000	0.00000000	0.00000000	0.00000000	0.00000000	0.00000000	0.00000917	0.00000000
Acidovorax	0.00000000	0.00000000	0.00000000	0.00000000	0.00000000	0.00000000	0.00231989	0.00000000	0.00000000	0.00000000	0.00000000	0.00000000	0.00000000	0.00000000	0.00000000	0.00000000	0.00000000	0.00000000	0.00000000	0.00000000
Blautia	0.00000000	0.00000000	0.00000000	0.00000022	0.00000000	0.00000000	0.00000000	0.00000000	0.00000000	0.00000000	0.00000000	0.00000000	0.00000000	0.00000000	0.00000000	0.00000000	0.00000000	0.00000000	0.00000000	0.00000000
Lactococcus	0.00000000	0.00000000	0.00000259	0.00000000	0.00000000	0.00000000	0.00000000	0.00000000	0.00000000	0.00000000	0.00000000	0.00000000	0.00000879	0.00000000	0.00000000	0.00000000	0.00000000	0.00000000	0.00000114	0.00000000
Mobiluncus	0.00000000	0.00000002	0.00000000	0.00000000	0.00000000	0.00000027	0.00000000	0.00000000	0.00000000	0.00000012	0.00000000	0.00000000	0.00000000	0.00000000	0.00000000	0.00000000	0.00000000	0.00000000	0.00000000	0.00000000
Modestobacter	0.00000000	0.00000000	0.00000000	0.00000000	0.00000000	0.00000000	0.00000000	0.00000000	0.00000000	0.00000000	0.00000000	0.00000000	0.00000000	0.00000000	0.00000000	0.00000000	0.00000080	0.00000000	0.00000000	0.00000000
Phascolarctobacterium	0.00000000	0.00000000	0.00000000	0.00000000	0.00000000	0.00000000	0.00000000	0.00000000	0.00000000	0.00000000	0.00000000	0.00000000	0.00000000	0.00000000	0.00000000	0.00000000	0.00000000	0.00000000	0.00000000	0.00000000
Planococcus	0.00000000	0.00000000	0.00000000	0.00000000	0.00000000	0.00000000	0.00000000	0.00000000	0.00008276	0.00000000	0.00000000	0.00000000	0.00000000	0.00000000	0.00000000	0.00000000	0.00000000	0.00000000	0.00000000	0.00000000
Rhodococcus	0.00000000	0.00000000	0.00000000	0.00000000	0.00000000	2.93774029	0.00000000	0.00000000	0.00000000	0.00000000	0.00000000	0.00000000	0.00000000	0.00000000	0.00000000	0.00000000	0.00000000	0.00000000	0.00000000	0.00000000
Rubrobacter	0.00000000	0.00000000	0.00000000	0.00000000	0.00000000	0.00000000	0.00000000	0.00000000	0.00000000	0.00000000	0.00000000	0.00000000	0.00000875	0.00000000	0.00000000	0.00000000	0.00000000	0.00000000	0.00000000	0.00000666
Spirosoma	0.00000000	0.00000000	0.00000000	0.00000000	0.00000000	0.00000000	0.00000000	0.00001961	0.00000000	0.00000000	0.00000000	0.00000000	0.00000000	0.00000000	0.00000000	0.00000000	0.00000000	0.00000000	0.00000000	0.00000000
Actinomycetospora	0.00000000	0.00000000	0.00000000	0.00000000	0.00000000	0.00000000	0.00000000	0.00000000	0.00000000	0.00000000	0.00000000	0.00000000	0.00000000	0.00000000	0.00000000	0.00000000	0.00000000	0.00000000	0.00000000	0.00000000
Aeromonas	0.00000000	0.00000000	0.00000043	0.00000000	0.00000000	0.00000000	0.00000000	0.00000000	0.00000000	0.00000152	0.00000000	0.00000000	0.00000000	0.00000000	0.00000000	0.00000000	0.00000000	0.00000000	0.00000000	0.00000459
Atopostipes	0.00000000	0.00000000	0.00000000	0.00000000	0.00000000	0.00000000	0.00000000	0.00000000	0.00000000	0.00000050	0.00000000	0.00000000	0.00000050	0.00000000	0.00000000	0.00000000	0.00000000	0.00000000	0.00000000	0.00000000
Aurantimonas	0.00000000	0.00000000	0.00000000	0.00000087	0.00000000	0.00000000	0.00000000	0.00000000	0.00000000	0.00000000	0.00000000	0.00000000	0.00000000	0.00000000	0.00000000	0.00000000	0.00000000	0.00000000	0.00000000	0.00000000
Deinococcus	0.00000000	0.00000000	0.00000000	0.00000000	0.00000000	0.00000000	0.00000000	0.00000000	0.00000000	0.00000048	0.00000000	0.00000000	0.00000000	0.00000000	0.00000000	0.00000000	0.00000000	0.00000000	0.00000000	0.00000000
Dyella	0.00000000	0.00000000	0.00000000	0.00000000	0.00000000	0.00000000	0.00000000	0.00001613	0.00000000	0.00000000	0.00000000	0.00000000	0.00000000	0.00000000	0.00000000	0.00000000	0.00000000	0.00000000	0.00000000	0.00000000
Gemmatimonas	0.00000000	0.00000000	0.00000054	0.00000000	0.00000000	0.00000000	0.00000000	0.00000000	0.00000000	0.00000000	0.00000000	0.00000000	0.00000000	0.00000000	0.00000000	0.00000000	0.00000031	0.00000000	0.00000000	0.00000000
Hydrogenobacter	0.00000000	0.00000000	0.00000000	0.00000000	0.00000000	0.00000000	0.00000000	0.00000000	0.00000000	0.00000000	0.00000000	0.00000000	0.00000000	0.00000000	0.00000691	0.00000000	0.00000000	0.00000000	0.00000000	0.00000000
Hydrogenophaga	0.00000000	0.00000000	0.00000000	0.00000258	0.00000000	0.00000000	0.00000000	0.00000000	0.00000000	0.00000000	0.00000000	0.00000000	0.00000000	0.00000324	0.00000000	0.00000000	0.00000000	0.00000000	0.00000000	0.00000000
Kytococcus	0.00000000	0.00000000	0.00000000	0.00008402	0.00000000	0.00000000	0.00000000	0.00000000	0.00000000	0.00000000	0.00000000	0.00000000	0.00000000	0.00000000	0.00000000	0.00000000	0.00000000	0.00000000	0.00000000	0.00000000
Nitratireductor	0.00000000	0.00000000	0.00000000	0.00000000	0.00000000	0.00000000	0.00000000	0.00000000	0.00000000	0.00000000	0.00000000	0.00000000	0.00000000	0.00000002	0.00000000	0.00000000	0.00000000	0.00000000	0.00000000	0.00000000
Planifilum	0.00000000	0.00000000	0.00000000	0.00000000	0.00000000	0.00000000	0.00000000	0.00000000	0.00000000	0.00000000	0.00000000	0.00000000	0.00000000	0.00000000	0.00000000	0.00000000	0.00000000	0.00000000	0.00000448	0.00000000
Turicibacter	0.00000000	0.00000000	0.00000000	0.00000000	0.00000000	0.00000000	0.00000000	0.00000000	0.00000000	0.00000000	0.00000000	0.00000000	0.00000000	0.00000002	0.00000000	0.00000000	0.00000000	0.00000000	0.00000000	0.00000000
Allisonella	0.00000000	0.00121084	0.00000000	0.00000000	0.00000321	0.00000000	0.00000000	0.00000000	0.00000000	0.00000000	0.00000000	0.00000000	0.00000000	0.00000000	0.00000000	0.00000000	0.00000000	0.00000000	0.00000000	0.00000000
Anaerostipes	0.00000000	0.00000000	0.00000000	0.00000065	0.00000000	0.00000000	0.00000000	0.00000000	0.00000000	0.00000000	0.00000000	0.00000000	0.00000000	0.00000000	0.00000000	0.00000000	0.00000000	0.00000000	0.00000000	0.00000000
Bacillariophyta	0.00000000	0.00000000	0.00000000	0.00000000	0.00000000	0.00000000	0.00000000	0.00000000	0.00000000	0.00000000	0.00000114	0.00000000	0.00000000	0.00000000	0.00000000	0.00000000	0.00000000	0.00000000	0.00000000	0.00000000
Ferruginibacter	0.00000000	0.00000000	0.00000000	0.00000000	0.00000000	0.00000000	0.00000000	0.00000000	0.00000000	0.00000000	0.00000000	0.00000000	0.00000000	0.00000000	0.00000000	0.00000000	0.00000000	0.00000000	0.00000000	0.00000000
Histophilus	0.00000000	0.00000000	0.00000000	0.00000000	0.00000000	0.00000000	0.00000000	0.00000000	0.00000000	0.00000000	0.00000000	0.00000000	0.00004412	0.00000000	0.00000000	0.00000000	0.00000000	0.00000000	0.00000000	0.00000000
Hydrogenimonas	0.00000941	0.00000000	0.00001052	0.00000022	0.00000000	0.00000000	0.00000000	0.00000000	0.00000000	0.00000000	0.00000000	0.00000000	0.00000000	0.00000000	0.00000000	0.00000000	0.00000000	0.00000000	0.00000000	0.00000000
Hydrotalea	0.00000000	0.00000000	0.00000000	0.00000000	0.00000000	0.00000000	0.00000000	0.00000000	0.00000000	0.00000000	0.00000000	0.00000000	0.00000000	0.00001962	0.00000000	0.00000000	0.00000000	0.00000000	0.00000000	0.00000000
Schlegelella	0.00000000	0.00000000	0.00000000	0.00000000	0.00000000	0.00000000	0.00000000	0.00001254	0.00000000	0.00000000	0.00000000	0.00000000	0.00000000	0.00000000	0.00000000	0.00000000	0.00000000	0.00000000	0.00000000	0.00000000
Truepera	0.00000000	0.00000000	0.00000000	0.00000000	0.00000000	0.00000000	0.00000000	0.00000000	0.00000000	0.00000000	0.00000000	0.00000000	0.00000000	0.00000000	0.00000000	0.00000000	0.00000000	0.00000000	0.00000000	0.00000000
Varibaculum	0.00000000	0.00000000	0.00000000	0.00000000	0.00000000	0.00000000	0.00000000	0.00000000	0.00000000	0.00000020	0.00000000	0.00000000	0.00000000	0.00000504	0.00000000	0.00000000	0.00000000	0.00000000	0.00000000	0.00000000
Volucribacter	0.00000000	0.00000000	0.00000000	0.00000000	0.00000000	0.00000000	0.00000000	0.00000000	0.00000000	0.00000000	0.00000000	0.00000000	0.00002362	0.00000458	0.00000000	0.00000000	0.00000000	0.00000000	0.00000000	0.00000000
Basfia	0.00000000	0.00000000	0.00000000	0.00000503	0.00000000	0.00000000	0.00000000	0.00000000	0.00000000	0.00000000	0.00000000	0.00000000	0.00000000	0.00000000	0.00000000	0.00000000	0.00000000	0.00000000	0.00000000	0.00000132
Brachybacterium	0.00000000	0.00000000	0.00000000	0.00000000	0.00000000	0.00000000	0.00000000	0.00000000	0.00000000	0.00000000	0.00000000	0.00000005	0.00000000	0.00000000	0.00000000	0.00000000	0.00000000	0.00000000	0.00000000	0.00000000
Cellvibrio	0.00000000	0.00000000	0.00000000	0.00000000	0.00000000	0.00000000	0.00000000	0.00000000	0.00000000	0.00000000	0.00000000	0.00000000	0.00000000	0.00000000	0.00000000	0.00000000	0.00000062	0.00000000	0.00000000	0.00000000
Clostridium XlVa	0.00000000	0.00000000	0.00000000	0.00000000	0.00000000	0.00000000	0.00000000	0.00000000	0.00000000	0.00000000	0.00000000	0.00000000	0.00000000	0.00000000	0.00000000	0.00000000	0.00000000	0.00000000	0.00000000	0.00000000
Craurococcus	0.00000000	0.00000000	0.00000000	0.00000000	0.00000814	0.00000000	0.00000000	0.00000000	0.00000000	0.00000000	0.00000000	0.00000000	0.00000000	0.00000000	0.00000000	0.00000000	0.00000000	0.00000000	0.00000000	0.00000000
Devosia	0.00000000	0.00000000	0.00000000	0.00000000	0.00000000	0.00000000	0.00000000	0.00000000	0.00000000	0.00000000	0.00000000	0.00000000	0.00000000	0.00000000	0.00000000	0.00000000	0.00000000	0.00000000	0.00000000	0.00000000
Gallibacterium	0.00000000	0.00000000	0.00000079	0.00000000	0.00000000	0.00000000	0.00000000	0.00000000	0.00000000	0.00000000	0.00000000	0.00000000	0.00000000	0.00000000	0.00000000	0.00000000	0.00000000	0.00000000	0.00000000	0.00000000
Geodermatophilus	0.00000000	0.00000000	0.00000000	0.00000000	0.00000000	0.00000000	0.00000000	0.00000000	0.00000000	0.00000000	0.00000000	0.00000002	0.00000000	0.00000000	0.00000000	0.00000000	0.00000000	0.00000000	0.00000000	0.00000000
Hydrogenophilus	0.00000000	0.00000000	0.00000000	0.00000000	0.00000000	0.00000000	0.00000000	0.00000000	0.00000000	0.04524282	0.00000000	0.00000000	0.00000000	0.00000000	0.00000000	0.00000000	0.00000000	0.00000000	0.00000000	0.00000000
Jeotgalicoccus	0.00000000	0.00000000	0.00000000	0.00000000	0.00000000	0.00000000	0.00000000	0.00000000	0.00000000	0.00000000	0.00000000	0.00000000	0.00000000	0.00000000	0.00000000	0.27902114	0.00000000	0.00000000	0.00000000	0.00000000
Paenibacillus	0.00000000	0.00000000	0.00000000	0.00000000	0.00000000	0.00000000	0.00000000	0.00000000	0.00016156	0.00000000	0.00000000	0.00000000	0.00000000	0.00000000	0.00000000	0.00000000	0.00000000	0.00000000	0.00000000	0.00000000
Pelomonas	0.00000000	0.00000000	0.00000082	0.00000000	0.00000000	0.00000000	0.00000000	0.00000000	0.00000000	0.00000000	0.00000000	0.00000000	0.00000000	0.00000000	0.00000000	0.00000000	0.00000000	0.00000000	0.00000000	0.00000000
Peredibacter	0.00000000	0.00000000	0.00000000	0.00000000	0.00000000	0.00000000	0.00000000	0.00000000	0.00000000	0.00000000	0.00000000	0.00000000	0.00000000	0.00000000	0.00000000	0.00000000	0.00000000	0.00000000	0.00000000	0.00000000
Pseudonocardia	0.00000000	0.00000000	0.00000000	0.00000258	0.00000000	0.00000000	0.00000000	0.00000000	0.00000000	0.00000048	0.00000000	0.00000000	0.00000000	0.00000000	0.00000000	0.00000000	0.00000000	0.00000000	0.00000000	0.00000000
Rhizobium	0.00000000	0.00000000	0.00000000	0.00000258	0.00000000	0.00000000	0.00000000	0.00000000	0.00000000	0.00000000	0.00000000	0.00000000	0.00000000	0.00000000	0.00000000	0.00000000	0.00000000	0.00000000	0.00000000	0.00000000
Roseburia	0.00000000	0.00000000	0.00000000	0.00000044	0.00000000	0.00000000	0.00000000	0.00000000	0.00000000	0.00000000	0.00000000	0.00000000	0.00000000	0.00000000	0.00000000	0.00000000	0.00000000	0.00000000	0.00000000	0.00000000
Salinimicrobium	0.00000000	0.00000000	0.00000000	0.00000000	0.00000000	0.00000000	0.00000000	0.00000000	0.00000000	0.00000000	0.00000000	0.00000000	0.00000000	0.00000000	0.00000000	0.00000000	0.00000000	0.00000000	0.00000000	0.00000263
Stenoxybacter	0.00000000	0.00000000	0.00000000	0.00000504	0.00000000	0.00000000	0.00000000	0.00000000	0.00000000	0.00000000	0.00000044	0.00000000	0.00000000	0.00000000	0.00000000	0.00000000	0.00000000	0.00000000	0.00000000	0.00000000
Yersinia	0.00000000	0.00000000	0.00000000	0.00000000	0.00000000	0.00000000	0.00000000	0.00000000	0.00000000	0.00000050	0.00000000	0.00000000	0.00000000	0.00000000	0.00000000	0.00000000	0.00000000	0.00027784	0.00000000	0.00000000
Aerococcus	0.00000000	0.00000000	0.00000000	0.00000000	0.00000000	0.00000000	0.00000000	0.00000000	0.00000000	0.00000000	0.00000000	0.00000000	0.00000000	0.00000000	0.00000000	0.00000000	0.00000031	0.00000000	0.00000000	0.00000000
Altererythrobacter	0.00000000	0.00000000	0.00000000	0.00000258	0.00000000	0.00000000	0.00000000	0.00000000	0.00000000	0.00000000	0.00000000	0.00000000	0.00000000	0.00000000	0.00000000	0.00000000	0.00000000	0.00000000	0.00000000	0.00000000
Amaricoccus	0.00000000	0.00000000	0.00000000	0.00000000	0.00000000	0.00000000	0.00000000	0.00000000	0.00000000	0.00000000	0.00000000	0.00000000	0.00000000	0.00000000	0.00000000	0.00000000	0.00000000	0.00000000	0.00000000	0.00000000
Bergeriella	0.00000061	0.00000000	0.00000000	0.00000000	0.00000000	0.00000000	0.00000000	0.00000000	0.00000000	0.00000000	0.00000000	0.00000000	0.00000000	0.00000000	0.00000000	0.00000000	0.00000000	0.00000000	0.00000000	0.00000000
Bibersteinia	0.00000000	0.00000000	0.00000000	0.00000000	0.00000000	0.00000000	0.00000000	0.00000000	0.00000000	0.00000000	0.00000000	0.00000000	0.00000000	0.00000000	0.00000000	0.00000000	0.00000000	0.00000000	0.00000000	0.00000229
Brochothrix	0.00000000	0.00000000	0.00000043	0.00000000	0.00000000	0.00000000	0.00000000	0.00000000	0.00000000	0.00000000	0.00000000	0.00000000	0.00000000	0.00000000	0.00000000	0.00000000	0.00000000	0.00000000	0.00000000	0.00000000
Clostridium IV	0.00000000	0.00000000	0.00000000	0.00000000	0.00000000	0.00000000	0.00000000	0.00000000	0.00000000	0.00000000	0.00000000	0.00000000	0.00000000	0.00000000	0.00000000	0.00000000	0.00000000	0.00000000	0.00000000	0.00000229
Coenonia	0.00000000	0.00000000	0.00000000	0.00000000	0.00000000	0.00000000	0.00000000	0.00000000	0.00000000	0.00000000	0.00000000	0.00000000	0.00000018	0.00000000	0.00000000	0.00000000	0.00000000	0.00000000	0.00000000	0.00000000
Denitrobacterium	0.00000000	0.00000000	0.00000000	0.00000000	0.00000000	0.00000000	0.00000000	0.00000000	0.00000000	0.00000000	0.00000000	0.00000000	0.00000000	0.00000000	0.00000000	0.00000000	0.00000000	0.00000000	0.00000006	0.00000000
Dysgonomonas	0.00000000	0.00000000	0.00000000	0.00000000	0.00000000	0.00000000	0.00000000	0.00000000	0.00000000	0.00000000	0.00000000	0.00000000	0.00000000	0.00000000	0.00000000	0.00000000	0.00000000	0.00000000	0.00000000	0.00000244
Falsibacillus	0.00000000	0.00000000	0.00000000	0.00000000	0.00000000	0.00000000	0.00000000	0.00000000	0.00000000	0.00000000	0.00000000	0.00000000	0.00000000	0.00000753	0.00000000	0.00000000	0.00000000	0.00000000	0.00000000	0.00000000
Flectobacillus	0.00000000	0.00000000	0.00000000	0.00000000	0.00000000	0.00000000	0.00000000	0.00000000	0.00000000	0.00000000	0.00000000	0.00000000	0.00000000	0.00000000	0.00000000	0.00000000	0.00000000	0.00000000	0.00000000	0.00000000
Friedmanniella	0.00000000	0.00000000	0.00000000	0.00000000	0.00000000	0.00000001	0.00000000	0.00000000	0.00000000	0.00000000	0.00000000	0.00000000	0.00000000	0.00000000	0.00000000	0.00000000	0.00000000	0.00000000	0.00000000	0.00000000
Lachnospiracea_incertae_sedis	0.00000000	0.00000000	0.00000000	0.00000000	0.00000000	0.00000000	0.00000000	0.00000000	0.00000000	0.00000000	0.00000000	0.00000000	0.00000000	0.00000000	0.00000000	0.00000000	0.00000000	0.00000000	0.00000000	0.00000000
Lacticigenium	0.00000000	0.00000000	0.00000000	0.00000000	0.00000000	0.00000000	0.00000000	0.00000000	0.00000000	0.00000000	0.00000000	0.00000000	0.00000000	0.00000000	0.00000000	0.00000000	0.00000000	0.00000000	0.00000000	0.00000229
Longilinea	0.00000000	0.00000000	0.00000000	0.00000000	0.00000000	0.00000000	0.00000000	0.00000000	0.00000000	0.00000000	0.00000000	0.00000000	0.00000018	0.00000000	0.00000000	0.00000000	0.00000000	0.00000000	0.00000000	0.00000000
Micromonospora	0.00000000	0.00000000	0.00000000	0.00000000	0.00000000	0.00000000	0.00000004	0.00000000	0.00000000	0.00000000	0.00000000	0.00000000	0.00000000	0.00000000	0.00000000	0.00000000	0.00000000	0.00000000	0.00000000	0.00000000
Nosocomiicoccus	0.00000000	0.00000000	0.00000000	0.00000000	0.00000000	0.00000000	0.00000000	0.00000000	0.00000000	0.00000000	0.00000000	0.00000000	0.00000000	0.00000753	0.00000000	0.00000000	0.00000000	0.00000000	0.00000000	0.00000000
Oxalicibacterium	0.00000000	0.00000000	0.00000000	0.00000000	0.00000000	0.00000000	0.00000000	0.00000000	0.00000000	0.00000000	0.00000000	0.00000000	0.00000000	0.00000000	0.00000000	0.00001079	0.00000000	0.00000000	0.00000000	0.00000000
Phocoenobacter	0.00000000	0.00000000	0.00000000	0.00000503	0.00000000	0.00000000	0.00000000	0.00000000	0.00000000	0.00000000	0.00000000	0.00000000	0.00000000	0.00000000	0.00000000	0.00000000	0.00000000	0.00000000	0.00000000	0.00000000
Psychrilyobacter	0.00000940	0.00000000	0.00000000	0.00000000	0.00000000	0.00000000	0.00000000	0.00000000	0.00000000	0.00000000	0.00000000	0.00000000	0.00000000	0.00000000	0.00000000	0.00000000	0.00000000	0.00000000	0.00000000	0.00000000
Ralstonia	0.00000000	0.00000000	0.00000043	0.00000000	0.00000000	0.00000000	0.00000000	0.00000000	0.00000000	0.00000000	0.00000000	0.00000000	0.00000000	0.00000000	0.00000000	0.00000000	0.00000000	0.00000000	0.00000000	0.00000000
Rhodobacter	0.00000000	0.00000000	0.00000000	0.00000000	0.00000000	0.00000000	0.00000000	0.00000000	0.00000000	0.00000000	0.00000000	0.00000000	0.00000000	0.00000000	0.00000000	0.00000000	0.00000000	0.00000000	0.00000000	0.00000000
Rhodopseudomonas	0.00000000	0.00000000	0.00000000	0.00000000	0.00000000	0.00000000	0.00000000	0.00000000	0.00000000	0.00000000	0.00000000	0.00000000	0.00000000	0.00000000	0.00000000	0.00000000	0.00000000	0.00000000	0.00000000	0.00000132
Rudanella	0.00000000	0.00000000	0.00000000	0.00000000	0.00000000	0.00000000	0.00000000	0.00000000	0.00000000	0.00000011	0.00000000	0.00000000	0.00000000	0.00000000	0.00000000	0.00000000	0.00000000	0.00000000	0.00000000	0.00000000
Scardovia	0.00000000	0.00000000	0.00000000	0.00000000	0.00000000	0.00000000	0.00000000	0.00000000	0.00000000	0.00000000	0.00000000	0.00000000	0.00000000	0.00000000	0.00000000	0.00000000	0.00000000	0.00000000	0.00000000	0.00000229
Shimwellia	0.00000000	0.00000000	0.00000000	0.00000000	0.00000000	0.00000001	0.00000000	0.00000000	0.00000000	0.00000000	0.00000000	0.00000000	0.00000000	0.00000000	0.00000000	0.00000000	0.00000000	0.00000000	0.00000000	0.00000000
Skermanella	0.00000061	0.00000000	0.00000000	0.00000000	0.00000000	0.00000000	0.00000000	0.00000000	0.00000000	0.00000000	0.00000000	0.00000000	0.00000000	0.00000000	0.00000000	0.00000000	0.00000000	0.00000000	0.00000000	0.00000000
Sphingobacterium	0.00000000	0.00000000	0.00000000	0.00000000	0.00000000	0.00000000	0.00000000	0.00000000	0.00000000	0.00000000	0.00000000	0.00000000	0.00000000	0.00000324	0.00000000	0.00000000	0.00000000	0.00000000	0.00000000	0.00000000
Stakelama	0.00000000	0.00000000	0.00000000	0.00000000	0.00000000	0.00000001	0.00000000	0.00000000	0.00000000	0.00000000	0.00000000	0.00000000	0.00000000	0.00000000	0.00000000	0.00000000	0.00000000	0.00000000	0.00000000	0.00000000
Sulfurospirillum	0.00000000	0.00000000	0.00000000	0.00000000	0.00000000	0.00000000	0.00000000	0.00000000	0.00000000	0.00000000	0.00000000	0.00000000	0.00000000	0.00000000	0.00000000	0.00000000	0.00000000	0.00000000	0.00000000	0.00000000
Turicella	0.00000000	0.00000000	0.00000000	0.00000000	0.00000000	0.00000000	0.00000000	0.00000000	0.00000000	0.00000000	0.00000000	0.00000000	0.00000000	0.00000000	0.00000000	0.00000000	0.00000000	0.01240036	0.00000000	0.00000000
Vogesella	0.00000000	0.00000000	0.00000000	0.00000000	0.00000000	0.00000000	0.00000000	0.00000000	0.00000000	0.00000000	0.00000000	0.00000000	0.00000000	0.00000000	0.00000000	0.00000000	0.00000000	0.00000000	0.00191580	0.00000000
Wautersiella	0.00000000	0.00000000	0.00000000	0.00000000	0.00000000	0.00000000	0.00000000	0.00000000	0.00000000	0.00000000	0.00000000	0.00000000	0.00000000	0.00000000	0.00000000	0.00000000	0.00000016	0.00000000	0.00000000	0.00000000
